timestamp,equity
2025-08-08 18:36:00+00:00,10000.0
2025-08-08 18:37:00+00:00,10000.0
2025-08-08 18:37:00+00:00,10000.0
2025-08-08 18:38:00+00:00,10000.0
2025-08-08 18:38:00+00:00,10000.0
2025-08-08 18:39:00+00:00,10000.0
2025-08-08 18:39:00+00:00,10000.0
2025-08-08 18:41:00+00:00,10000.0
2025-08-08 18:41:00+00:00,10000.0
2025-08-08 18:42:00+00:00,10000.0
2025-08-08 18:42:00+00:00,10000.0
2025-08-08 18:43:00+00:00,10000.0
2025-08-08 18:43:00+00:00,10000.0
2025-08-08 18:44:00+00:00,10000.0
2025-08-08 18:44:00+00:00,10000.0
2025-08-08 18:45:00+00:00,10000.0
2025-08-08 18:45:00+00:00,10000.0
2025-08-08 18:46:00+00:00,10000.0
2025-08-08 18:46:00+00:00,10000.0
2025-08-08 18:47:00+00:00,10000.0
2025-08-08 18:47:00+00:00,10000.0
2025-08-08 18:48:00+00:00,10000.0
2025-08-08 18:48:00+00:00,10000.0
2025-08-08 18:49:00+00:00,10000.0
2025-08-08 18:49:00+00:00,10000.0
2025-08-08 18:49:00+00:00,10000.0
2025-08-08 18:50:00+00:00,10000.0
2025-08-08 18:50:00+00:00,10000.0
2025-08-08 18:50:00+00:00,10000.0
2025-08-08 18:51:00+00:00,10000.0
2025-08-08 18:51:00+00:00,10000.0
2025-08-08 18:51:00+00:00,10000.0
2025-08-08 18:52:00+00:00,10000.0
2025-08-08 18:52:00+00:00,10000.0
2025-08-08 18:52:00+00:00,10000.0
2025-08-08 18:53:00+00:00,10000.0
2025-08-08 18:53:00+00:00,10000.0
2025-08-08 18:53:00+00:00,10000.0
2025-08-08 18:54:00+00:00,10000.0
2025-08-08 18:54:00+00:00,10000.0
2025-08-08 18:54:00+00:00,10000.0
2025-08-08 18:54:00+00:00,10000.0
2025-08-08 18:55:00+00:00,10000.0
2025-08-08 18:55:00+00:00,10000.0
2025-08-08 18:55:00+00:00,10000.0
2025-08-08 18:55:00+00:00,10000.0
2025-08-08 18:56:00+00:00,10000.0
2025-08-08 18:56:00+00:00,10000.0
2025-08-08 18:56:00+00:00,10000.0
2025-08-08 18:56:00+00:00,10000.0
2025-08-08 18:57:00+00:00,10000.0
2025-08-08 18:57:00+00:00,10000.0
2025-08-08 18:57:00+00:00,10000.0
2025-08-08 18:57:00+00:00,10000.0
2025-08-08 18:58:00+00:00,10000.0
2025-08-08 18:58:00+00:00,10000.0
2025-08-08 18:58:00+00:00,10000.0
2025-08-08 18:58:00+00:00,10000.0
2025-08-08 18:58:00+00:00,10000.0
2025-08-08 18:59:00+00:00,10000.0
2025-08-08 18:59:00+00:00,10000.0
2025-08-08 18:59:00+00:00,10000.0
2025-08-08 18:59:00+00:00,10000.0
2025-08-08 18:59:00+00:00,10000.0
2025-08-08 19:00:00+00:00,10000.0
2025-08-08 19:00:00+00:00,10000.0
2025-08-08 19:00:00+00:00,10000.0
2025-08-08 19:00:00+00:00,10000.0
2025-08-08 19:00:00+00:00,10000.0
2025-08-08 19:01:00+00:00,10000.0
2025-08-08 19:01:00+00:00,10000.0
2025-08-08 19:01:00+00:00,10000.0
2025-08-08 19:01:00+00:00,10000.0
2025-08-08 19:01:00+00:00,10000.0
2025-08-08 19:01:00+00:00,10000.0
2025-08-08 19:02:00+00:00,10000.0
2025-08-08 19:02:00+00:00,10000.0
2025-08-08 19:02:00+00:00,10000.0
2025-08-08 19:02:00+00:00,10000.0
2025-08-08 19:02:00+00:00,10000.0
2025-08-08 19:02:00+00:00,10000.0
2025-08-08 19:03:00+00:00,9999.898769403939
2025-08-08 19:03:00+00:00,9999.898769403939
2025-08-08 19:03:00+00:00,9999.898769403939
2025-08-08 19:03:00+00:00,9999.898769403939
2025-08-08 19:03:00+00:00,9999.898769403939
2025-08-08 19:03:00+00:00,9999.898769403939
2025-08-08 19:05:00+00:00,9999.898769403939
2025-08-08 19:05:00+00:00,9999.898769403939
2025-08-08 19:05:00+00:00,9999.898769403939
2025-08-08 19:05:00+00:00,9999.898769403939
2025-08-08 19:05:00+00:00,9999.898769403939
2025-08-08 19:05:00+00:00,9999.898769403939
2025-08-08 19:06:00+00:00,9999.898769403939
2025-08-08 19:06:00+00:00,9999.898769403939
2025-08-08 19:06:00+00:00,9999.898769403939
2025-08-08 19:06:00+00:00,9999.898769403939
2025-08-08 19:06:00+00:00,9999.898769403939
2025-08-08 19:06:00+00:00,9999.898769403939
2025-08-08 19:07:00+00:00,9999.898769403939
2025-08-08 19:07:00+00:00,9999.898769403939
2025-08-08 19:07:00+00:00,9999.898769403939
2025-08-08 19:07:00+00:00,9999.898769403939
2025-08-08 19:07:00+00:00,9999.898769403939
2025-08-08 19:07:00+00:00,9999.898769403939
2025-08-08 19:08:00+00:00,9999.898769403939
2025-08-08 19:08:00+00:00,9999.898769403939
2025-08-08 19:08:00+00:00,9999.898769403939
2025-08-08 19:08:00+00:00,9999.898769403939
2025-08-08 19:08:00+00:00,9999.898769403939
2025-08-08 19:08:00+00:00,9999.898769403939
2025-08-08 19:09:00+00:00,9999.898769403939
2025-08-08 19:09:00+00:00,9999.898769403939
2025-08-08 19:09:00+00:00,9999.898769403939
2025-08-08 19:09:00+00:00,9999.898769403939
2025-08-08 19:09:00+00:00,9999.898769403939
2025-08-08 19:09:00+00:00,9999.898769403939
2025-08-08 19:10:00+00:00,9999.898769403939
2025-08-08 19:10:00+00:00,9999.898769403939
2025-08-08 19:10:00+00:00,9999.898769403939
2025-08-08 19:10:00+00:00,9999.898769403939
2025-08-08 19:10:00+00:00,9999.898769403939
2025-08-08 19:10:00+00:00,9999.898769403939
2025-08-08 19:11:00+00:00,9999.898769403939
2025-08-08 19:11:00+00:00,9999.898769403939
2025-08-08 19:11:00+00:00,9999.898769403939
2025-08-08 19:11:00+00:00,9999.898769403939
2025-08-08 19:11:00+00:00,9999.898769403939
2025-08-08 19:11:00+00:00,9999.898769403939
2025-08-08 19:12:00+00:00,9999.898769403939
2025-08-08 19:12:00+00:00,9999.898769403939
2025-08-08 19:12:00+00:00,9999.898769403939
2025-08-08 19:12:00+00:00,9999.898769403939
2025-08-08 19:12:00+00:00,9999.898769403939
2025-08-08 19:12:00+00:00,9999.898769403939
2025-08-08 19:13:00+00:00,9999.898769403939
2025-08-08 19:13:00+00:00,9999.898769403939
2025-08-08 19:13:00+00:00,9999.898769403939
2025-08-08 19:13:00+00:00,9999.898769403939
2025-08-08 19:13:00+00:00,9999.898769403939
2025-08-08 19:13:00+00:00,9999.898769403939
2025-08-08 19:14:00+00:00,9999.898769403939
2025-08-08 19:14:00+00:00,9999.898769403939
2025-08-08 19:14:00+00:00,9999.898769403939
2025-08-08 19:14:00+00:00,9999.898769403939
2025-08-08 19:14:00+00:00,9999.898769403939
2025-08-08 19:14:00+00:00,9999.898769403939
2025-08-08 19:15:00+00:00,9999.898769403939
2025-08-08 19:15:00+00:00,9999.898769403939
2025-08-08 19:15:00+00:00,9999.898769403939
2025-08-08 19:15:00+00:00,9999.898769403939
2025-08-08 19:15:00+00:00,9999.898769403939
2025-08-08 19:15:00+00:00,9999.898769403939
2025-08-08 19:17:00+00:00,9999.898769403939
2025-08-08 19:17:00+00:00,9999.898769403939
2025-08-08 19:17:00+00:00,9999.898769403939
2025-08-08 19:17:00+00:00,9999.898769403939
2025-08-08 19:17:00+00:00,9999.898769403939
2025-08-08 19:17:00+00:00,9999.898769403939
2025-08-08 19:18:00+00:00,9999.898769403939
2025-08-08 19:18:00+00:00,9999.898769403939
2025-08-08 19:18:00+00:00,9999.898769403939
2025-08-08 19:18:00+00:00,9999.898769403939
2025-08-08 19:18:00+00:00,9999.898769403939
2025-08-08 19:18:00+00:00,9999.898769403939
2025-08-08 19:19:00+00:00,9999.898769403939
2025-08-08 19:19:00+00:00,9999.898769403939
2025-08-08 19:19:00+00:00,9999.898769403939
2025-08-08 19:19:00+00:00,9999.898769403939
2025-08-08 19:19:00+00:00,9999.898769403939
2025-08-08 19:19:00+00:00,9999.898769403939
2025-08-08 19:20:00+00:00,9999.898769403939
2025-08-08 19:20:00+00:00,9999.898769403939
2025-08-08 19:20:00+00:00,9999.898769403939
2025-08-08 19:20:00+00:00,9999.898769403939
2025-08-08 19:20:00+00:00,9999.898769403939
2025-08-08 19:20:00+00:00,9999.898769403939
2025-08-08 19:21:00+00:00,9999.898769403939
2025-08-08 19:21:00+00:00,9999.898769403939
2025-08-08 19:21:00+00:00,9999.898769403939
2025-08-08 19:21:00+00:00,9999.898769403939
2025-08-08 19:21:00+00:00,9999.898769403939
2025-08-08 19:21:00+00:00,9999.898769403939
2025-08-08 19:22:00+00:00,9999.898769403939
2025-08-08 19:22:00+00:00,9999.898769403939
2025-08-08 19:22:00+00:00,9999.898769403939
2025-08-08 19:22:00+00:00,9999.898769403939
2025-08-08 19:22:00+00:00,9999.898769403939
2025-08-08 19:22:00+00:00,9999.898769403939
2025-08-08 19:22:00+00:00,9999.898769403939
2025-08-08 19:23:00+00:00,9999.898769403939
2025-08-08 19:23:00+00:00,9999.898769403939
2025-08-08 19:23:00+00:00,9999.898769403939
2025-08-08 19:23:00+00:00,9999.898769403939
2025-08-08 19:23:00+00:00,9999.898769403939
2025-08-08 19:23:00+00:00,9999.898769403939
2025-08-08 19:23:00+00:00,9999.898769403939
2025-08-08 19:24:00+00:00,9999.898769403939
2025-08-08 19:24:00+00:00,9999.898769403939
2025-08-08 19:24:00+00:00,9999.898769403939
2025-08-08 19:24:00+00:00,9999.898769403939
2025-08-08 19:24:00+00:00,9999.898769403939
2025-08-08 19:24:00+00:00,9999.898769403939
2025-08-08 19:24:00+00:00,9999.898769403939
2025-08-08 19:25:00+00:00,9999.898769403939
2025-08-08 19:25:00+00:00,9999.898769403939
2025-08-08 19:25:00+00:00,9999.898769403939
2025-08-08 19:25:00+00:00,9999.898769403939
2025-08-08 19:25:00+00:00,9999.898769403939
2025-08-08 19:25:00+00:00,9999.898769403939
2025-08-08 19:25:00+00:00,9999.898769403939
2025-08-08 19:26:00+00:00,9999.898769403939
2025-08-08 19:26:00+00:00,9999.898769403939
2025-08-08 19:26:00+00:00,9999.898769403939
2025-08-08 19:26:00+00:00,9999.898769403939
2025-08-08 19:26:00+00:00,9999.898769403939
2025-08-08 19:26:00+00:00,9999.898769403939
2025-08-08 19:26:00+00:00,9999.898769403939
2025-08-08 19:27:00+00:00,9999.898769403939
2025-08-08 19:27:00+00:00,9999.898769403939
2025-08-08 19:27:00+00:00,9999.898769403939
2025-08-08 19:27:00+00:00,9999.898769403939
2025-08-08 19:27:00+00:00,9999.898769403939
2025-08-08 19:27:00+00:00,9999.898769403939
2025-08-08 19:27:00+00:00,9999.898769403939
2025-08-08 19:28:00+00:00,9999.898769403939
2025-08-08 19:28:00+00:00,9999.898769403939
2025-08-08 19:28:00+00:00,9999.898769403939
2025-08-08 19:28:00+00:00,9999.898769403939
2025-08-08 19:28:00+00:00,9999.898769403939
2025-08-08 19:28:00+00:00,9999.898769403939
2025-08-08 19:28:00+00:00,9999.898769403939
2025-08-08 19:29:00+00:00,9999.898769403939
2025-08-08 19:29:00+00:00,9999.898769403939
2025-08-08 19:29:00+00:00,9999.898769403939
2025-08-08 19:29:00+00:00,9999.898769403939
2025-08-08 19:29:00+00:00,9999.898769403939
2025-08-08 19:29:00+00:00,9999.898769403939
2025-08-08 19:29:00+00:00,9999.898769403939
2025-08-08 19:30:00+00:00,9999.898769403939
2025-08-08 19:30:00+00:00,9999.898769403939
2025-08-08 19:30:00+00:00,9999.898769403939
2025-08-08 19:30:00+00:00,9999.898769403939
2025-08-08 19:30:00+00:00,9999.898769403939
2025-08-08 19:30:00+00:00,9999.898769403939
2025-08-08 19:30:00+00:00,9999.898769403939
2025-08-08 19:31:00+00:00,9999.898769403939
2025-08-08 19:31:00+00:00,9999.898769403939
2025-08-08 19:31:00+00:00,9999.898769403939
2025-08-08 19:31:00+00:00,9999.898769403939
2025-08-08 19:31:00+00:00,9999.898769403939
2025-08-08 19:31:00+00:00,9999.898769403939
2025-08-08 19:31:00+00:00,9999.898769403939
2025-08-08 19:32:00+00:00,9999.898769403939
2025-08-08 19:32:00+00:00,9999.898769403939
2025-08-08 19:32:00+00:00,9999.898769403939
2025-08-08 19:32:00+00:00,9999.898769403939
2025-08-08 19:32:00+00:00,9999.898769403939
2025-08-08 19:32:00+00:00,9999.898769403939
2025-08-08 19:32:00+00:00,9999.898769403939
2025-08-08 19:33:00+00:00,9999.898769403939
2025-08-08 19:33:00+00:00,9999.898769403939
2025-08-08 19:33:00+00:00,9999.898769403939
2025-08-08 19:33:00+00:00,9999.898769403939
2025-08-08 19:33:00+00:00,9999.898769403939
2025-08-08 19:33:00+00:00,9999.898769403939
2025-08-08 19:33:00+00:00,9999.898769403939
2025-08-08 19:33:00+00:00,9999.898769403939
2025-08-08 19:34:00+00:00,9999.898769403939
2025-08-08 19:34:00+00:00,9999.898769403939
2025-08-08 19:34:00+00:00,9999.898769403939
2025-08-08 19:34:00+00:00,9999.898769403939
2025-08-08 19:34:00+00:00,9999.898769403939
2025-08-08 19:34:00+00:00,9999.898769403939
2025-08-08 19:34:00+00:00,9999.898769403939
2025-08-08 19:34:00+00:00,9999.898769403939
2025-08-08 19:35:00+00:00,9999.898769403939
2025-08-08 19:35:00+00:00,9999.898769403939
2025-08-08 19:35:00+00:00,9999.898769403939
2025-08-08 19:35:00+00:00,9999.898769403939
2025-08-08 19:35:00+00:00,9999.898769403939
2025-08-08 19:35:00+00:00,9999.898769403939
2025-08-08 19:35:00+00:00,9999.898769403939
2025-08-08 19:35:00+00:00,9999.898769403939
2025-08-08 19:36:00+00:00,9999.898769403939
2025-08-08 19:36:00+00:00,9999.898769403939
2025-08-08 19:36:00+00:00,9999.898769403939
2025-08-08 19:36:00+00:00,9999.898769403939
2025-08-08 19:36:00+00:00,9999.898769403939
2025-08-08 19:36:00+00:00,9999.898769403939
2025-08-08 19:36:00+00:00,9999.898769403939
2025-08-08 19:36:00+00:00,9999.898769403939
2025-08-08 19:37:00+00:00,9999.898769403939
2025-08-08 19:37:00+00:00,9999.898769403939
2025-08-08 19:37:00+00:00,9999.898769403939
2025-08-08 19:37:00+00:00,9999.898769403939
2025-08-08 19:37:00+00:00,9999.898769403939
2025-08-08 19:37:00+00:00,9999.898769403939
2025-08-08 19:37:00+00:00,9999.898769403939
2025-08-08 19:37:00+00:00,9999.898769403939
2025-08-08 19:38:00+00:00,9999.898769403939
2025-08-08 19:38:00+00:00,9999.898769403939
2025-08-08 19:38:00+00:00,9999.898769403939
2025-08-08 19:38:00+00:00,9999.898769403939
2025-08-08 19:38:00+00:00,9999.898769403939
2025-08-08 19:38:00+00:00,9999.898769403939
2025-08-08 19:38:00+00:00,9999.898769403939
2025-08-08 19:38:00+00:00,9999.898769403939
2025-08-08 19:39:00+00:00,9999.898769403939
2025-08-08 19:39:00+00:00,9999.898769403939
2025-08-08 19:39:00+00:00,9999.898769403939
2025-08-08 19:39:00+00:00,9999.898769403939
2025-08-08 19:39:00+00:00,9999.898769403939
2025-08-08 19:39:00+00:00,9999.898769403939
2025-08-08 19:39:00+00:00,9999.898769403939
2025-08-08 19:39:00+00:00,9999.898769403939
2025-08-08 19:40:00+00:00,9999.898769403939
2025-08-08 19:40:00+00:00,9999.898769403939
2025-08-08 19:40:00+00:00,9999.898769403939
2025-08-08 19:40:00+00:00,9999.898769403939
2025-08-08 19:40:00+00:00,9999.898769403939
2025-08-08 19:40:00+00:00,9999.898769403939
2025-08-08 19:40:00+00:00,9999.898769403939
2025-08-08 19:40:00+00:00,9999.898769403939
2025-08-08 19:41:00+00:00,9999.858928644631
2025-08-08 19:41:00+00:00,9999.858928644631
2025-08-08 19:41:00+00:00,9999.858928644631
2025-08-08 19:41:00+00:00,9999.858928644631
2025-08-08 19:41:00+00:00,9999.858928644631
2025-08-08 19:41:00+00:00,9999.858928644631
2025-08-08 19:41:00+00:00,9999.858928644631
2025-08-08 19:41:00+00:00,9999.858928644631
2025-08-08 19:41:00+00:00,9999.858928644631
2025-08-08 19:42:00+00:00,9999.858928644631
2025-08-08 19:42:00+00:00,9999.858928644631
2025-08-08 19:42:00+00:00,9999.858928644631
2025-08-08 19:42:00+00:00,9999.858928644631
2025-08-08 19:42:00+00:00,9999.858928644631
2025-08-08 19:42:00+00:00,9999.858928644631
2025-08-08 19:42:00+00:00,9999.858928644631
2025-08-08 19:42:00+00:00,9999.858928644631
2025-08-08 19:42:00+00:00,9999.858928644631
2025-08-08 19:43:00+00:00,9999.858928644631
2025-08-08 19:43:00+00:00,9999.858928644631
2025-08-08 19:43:00+00:00,9999.858928644631
2025-08-08 19:43:00+00:00,9999.858928644631
2025-08-08 19:43:00+00:00,9999.858928644631
2025-08-08 19:43:00+00:00,9999.858928644631
2025-08-08 19:43:00+00:00,9999.858928644631
2025-08-08 19:43:00+00:00,9999.858928644631
2025-08-08 19:43:00+00:00,9999.858928644631
2025-08-08 19:44:00+00:00,9999.858928644631
2025-08-08 19:44:00+00:00,9999.858928644631
2025-08-08 19:44:00+00:00,9999.858928644631
2025-08-08 19:44:00+00:00,9999.858928644631
2025-08-08 19:44:00+00:00,9999.858928644631
2025-08-08 19:44:00+00:00,9999.858928644631
2025-08-08 19:44:00+00:00,9999.858928644631
2025-08-08 19:44:00+00:00,9999.858928644631
2025-08-08 19:44:00+00:00,9999.858928644631
2025-08-08 19:45:00+00:00,9999.858928644631
2025-08-08 19:45:00+00:00,9999.858928644631
2025-08-08 19:45:00+00:00,9999.858928644631
2025-08-08 19:45:00+00:00,9999.858928644631
2025-08-08 19:45:00+00:00,9999.858928644631
2025-08-08 19:45:00+00:00,9999.858928644631
2025-08-08 19:45:00+00:00,9999.858928644631
2025-08-08 19:45:00+00:00,9999.858928644631
2025-08-08 19:45:00+00:00,9999.858928644631
2025-08-08 19:46:00+00:00,9999.858928644631
2025-08-08 19:46:00+00:00,9999.858928644631
2025-08-08 19:46:00+00:00,9999.858928644631
2025-08-08 19:46:00+00:00,9999.858928644631
2025-08-08 19:46:00+00:00,9999.858928644631
2025-08-08 19:46:00+00:00,9999.858928644631
2025-08-08 19:46:00+00:00,9999.858928644631
2025-08-08 19:46:00+00:00,9999.858928644631
2025-08-08 19:46:00+00:00,9999.858928644631
2025-08-08 19:47:00+00:00,9999.858928644631
2025-08-08 19:47:00+00:00,9999.858928644631
2025-08-08 19:47:00+00:00,9999.858928644631
2025-08-08 19:47:00+00:00,9999.858928644631
2025-08-08 19:47:00+00:00,9999.858928644631
2025-08-08 19:47:00+00:00,9999.858928644631
2025-08-08 19:47:00+00:00,9999.858928644631
2025-08-08 19:47:00+00:00,9999.858928644631
2025-08-08 19:47:00+00:00,9999.858928644631
2025-08-08 19:48:00+00:00,9999.858928644631
2025-08-08 19:48:00+00:00,9999.858928644631
2025-08-08 19:48:00+00:00,9999.858928644631
2025-08-08 19:48:00+00:00,9999.858928644631
2025-08-08 19:48:00+00:00,9999.858928644631
2025-08-08 19:48:00+00:00,9999.858928644631
2025-08-08 19:48:00+00:00,9999.858928644631
2025-08-08 19:48:00+00:00,9999.858928644631
2025-08-08 19:48:00+00:00,9999.858928644631
2025-08-08 19:49:00+00:00,9999.858928644631
2025-08-08 19:49:00+00:00,9999.858928644631
2025-08-08 19:49:00+00:00,9999.858928644631
2025-08-08 19:49:00+00:00,9999.858928644631
2025-08-08 19:49:00+00:00,9999.858928644631
2025-08-08 19:49:00+00:00,9999.858928644631
2025-08-08 19:49:00+00:00,9999.858928644631
2025-08-08 19:49:00+00:00,9999.858928644631
2025-08-08 19:49:00+00:00,9999.858928644631
2025-08-08 19:50:00+00:00,9999.858928644631
2025-08-08 19:50:00+00:00,9999.858928644631
2025-08-08 19:50:00+00:00,9999.858928644631
2025-08-08 19:50:00+00:00,9999.858928644631
2025-08-08 19:50:00+00:00,9999.858928644631
2025-08-08 19:50:00+00:00,9999.858928644631
2025-08-08 19:50:00+00:00,9999.858928644631
2025-08-08 19:50:00+00:00,9999.858928644631
2025-08-08 19:50:00+00:00,9999.858928644631
2025-08-08 19:51:00+00:00,9999.858928644631
2025-08-08 19:51:00+00:00,9999.858928644631
2025-08-08 19:51:00+00:00,9999.858928644631
2025-08-08 19:51:00+00:00,9999.858928644631
2025-08-08 19:51:00+00:00,9999.858928644631
2025-08-08 19:51:00+00:00,9999.858928644631
2025-08-08 19:51:00+00:00,9999.858928644631
2025-08-08 19:51:00+00:00,9999.858928644631
2025-08-08 19:51:00+00:00,9999.858928644631
2025-08-08 19:52:00+00:00,9999.858928644631
2025-08-08 19:52:00+00:00,9999.858928644631
2025-08-08 19:52:00+00:00,9999.858928644631
2025-08-08 19:52:00+00:00,9999.858928644631
2025-08-08 19:52:00+00:00,9999.858928644631
2025-08-08 19:52:00+00:00,9999.858928644631
2025-08-08 19:52:00+00:00,9999.858928644631
2025-08-08 19:52:00+00:00,9999.858928644631
2025-08-08 19:52:00+00:00,9999.858928644631
2025-08-08 19:53:00+00:00,9999.858928644631
2025-08-08 19:53:00+00:00,9999.858928644631
2025-08-08 19:53:00+00:00,9999.858928644631
2025-08-08 19:53:00+00:00,9999.858928644631
2025-08-08 19:53:00+00:00,9999.858928644631
2025-08-08 19:53:00+00:00,9999.858928644631
2025-08-08 19:53:00+00:00,9999.858928644631
2025-08-08 19:53:00+00:00,9999.858928644631
2025-08-08 19:53:00+00:00,9999.858928644631
2025-08-08 19:55:00+00:00,9999.858928644631
2025-08-08 19:55:00+00:00,9999.858928644631
2025-08-08 19:55:00+00:00,9999.858928644631
2025-08-08 19:55:00+00:00,9999.858928644631
2025-08-08 19:55:00+00:00,9999.858928644631
2025-08-08 19:55:00+00:00,9999.858928644631
2025-08-08 19:55:00+00:00,9999.858928644631
2025-08-08 19:55:00+00:00,9999.858928644631
2025-08-08 19:55:00+00:00,9999.858928644631
2025-08-08 19:59:00+00:00,9999.858928644631
2025-08-08 19:59:00+00:00,9999.858928644631
2025-08-08 19:59:00+00:00,9999.858928644631
2025-08-08 19:59:00+00:00,9999.858928644631
2025-08-08 19:59:00+00:00,9999.858928644631
2025-08-08 19:59:00+00:00,9999.858928644631
2025-08-08 19:59:00+00:00,9999.858928644631
2025-08-08 19:59:00+00:00,9999.858928644631
2025-08-08 19:59:00+00:00,9999.858928644631
2025-08-08 20:00:00+00:00,9999.81683479103
2025-08-08 20:00:00+00:00,9999.81683479103
2025-08-08 20:00:00+00:00,9999.81683479103
2025-08-08 20:00:00+00:00,9999.81683479103
2025-08-08 20:00:00+00:00,9999.81683479103
2025-08-08 20:00:00+00:00,9999.81683479103
2025-08-08 20:00:00+00:00,9999.81683479103
2025-08-08 20:00:00+00:00,9999.81683479103
2025-08-08 20:00:00+00:00,9999.81683479103
2025-08-08 20:01:00+00:00,9999.81683479103
2025-08-08 20:01:00+00:00,9999.81683479103
2025-08-08 20:01:00+00:00,9999.81683479103
2025-08-08 20:01:00+00:00,9999.81683479103
2025-08-08 20:01:00+00:00,9999.81683479103
2025-08-08 20:01:00+00:00,9999.81683479103
2025-08-08 20:01:00+00:00,9999.81683479103
2025-08-08 20:01:00+00:00,9999.81683479103
2025-08-08 20:01:00+00:00,9999.81683479103
2025-08-08 20:02:00+00:00,9999.81683479103
2025-08-08 20:02:00+00:00,9999.81683479103
2025-08-08 20:02:00+00:00,9999.81683479103
2025-08-08 20:02:00+00:00,9999.81683479103
2025-08-08 20:02:00+00:00,9999.81683479103
2025-08-08 20:02:00+00:00,9999.81683479103
2025-08-08 20:02:00+00:00,9999.81683479103
2025-08-08 20:02:00+00:00,9999.81683479103
2025-08-08 20:02:00+00:00,9999.81683479103
2025-08-08 20:04:00+00:00,9999.81683479103
2025-08-08 20:04:00+00:00,9999.81683479103
2025-08-08 20:04:00+00:00,9999.81683479103
2025-08-08 20:04:00+00:00,9999.81683479103
2025-08-08 20:04:00+00:00,9999.81683479103
2025-08-08 20:04:00+00:00,9999.81683479103
2025-08-08 20:04:00+00:00,9999.81683479103
2025-08-08 20:04:00+00:00,9999.81683479103
2025-08-08 20:04:00+00:00,9999.81683479103
2025-08-08 20:05:00+00:00,9999.81683479103
2025-08-08 20:05:00+00:00,9999.81683479103
2025-08-08 20:05:00+00:00,9999.81683479103
2025-08-08 20:05:00+00:00,9999.81683479103
2025-08-08 20:05:00+00:00,9999.81683479103
2025-08-08 20:05:00+00:00,9999.81683479103
2025-08-08 20:05:00+00:00,9999.81683479103
2025-08-08 20:05:00+00:00,9999.81683479103
2025-08-08 20:05:00+00:00,9999.81683479103
2025-08-08 20:07:00+00:00,9999.81683479103
2025-08-08 20:07:00+00:00,9999.81683479103
2025-08-08 20:07:00+00:00,9999.81683479103
2025-08-08 20:07:00+00:00,9999.81683479103
2025-08-08 20:07:00+00:00,9999.81683479103
2025-08-08 20:07:00+00:00,9999.81683479103
2025-08-08 20:07:00+00:00,9999.81683479103
2025-08-08 20:07:00+00:00,9999.81683479103
2025-08-08 20:07:00+00:00,9999.81683479103
2025-08-08 20:09:00+00:00,9999.81683479103
2025-08-08 20:09:00+00:00,9999.81683479103
2025-08-08 20:09:00+00:00,9999.81683479103
2025-08-08 20:09:00+00:00,9999.81683479103
2025-08-08 20:09:00+00:00,9999.81683479103
2025-08-08 20:09:00+00:00,9999.81683479103
2025-08-08 20:09:00+00:00,9999.81683479103
2025-08-08 20:09:00+00:00,9999.81683479103
2025-08-08 20:09:00+00:00,9999.81683479103
2025-08-08 20:11:00+00:00,9999.81683479103
2025-08-08 20:11:00+00:00,9999.81683479103
2025-08-08 20:11:00+00:00,9999.81683479103
2025-08-08 20:11:00+00:00,9999.81683479103
2025-08-08 20:11:00+00:00,9999.81683479103
2025-08-08 20:11:00+00:00,9999.81683479103
2025-08-08 20:11:00+00:00,9999.81683479103
2025-08-08 20:11:00+00:00,9999.81683479103
2025-08-08 20:11:00+00:00,9999.81683479103
2025-08-08 20:19:00+00:00,9999.81683479103
2025-08-08 20:19:00+00:00,9999.81683479103
2025-08-08 20:19:00+00:00,9999.81683479103
2025-08-08 20:19:00+00:00,9999.81683479103
2025-08-08 20:19:00+00:00,9999.81683479103
2025-08-08 20:19:00+00:00,9999.81683479103
2025-08-08 20:19:00+00:00,9999.81683479103
2025-08-08 20:19:00+00:00,9999.81683479103
2025-08-08 20:19:00+00:00,9999.81683479103
2025-08-08 20:19:00+00:00,9999.81683479103
2025-08-08 20:21:00+00:00,9999.81683479103
2025-08-08 20:21:00+00:00,9999.81683479103
2025-08-08 20:21:00+00:00,9999.81683479103
2025-08-08 20:21:00+00:00,9999.81683479103
2025-08-08 20:21:00+00:00,9999.81683479103
2025-08-08 20:21:00+00:00,9999.81683479103
2025-08-08 20:21:00+00:00,9999.81683479103
2025-08-08 20:21:00+00:00,9999.81683479103
2025-08-08 20:21:00+00:00,9999.81683479103
2025-08-08 20:21:00+00:00,9999.81683479103
2025-08-08 20:21:00+00:00,9999.81683479103
2025-08-08 20:30:00+00:00,9999.81683479103
2025-08-08 20:30:00+00:00,9999.81683479103
2025-08-08 20:30:00+00:00,9999.81683479103
2025-08-08 20:30:00+00:00,9999.81683479103
2025-08-08 20:30:00+00:00,9999.81683479103
2025-08-08 20:30:00+00:00,9999.81683479103
2025-08-08 20:30:00+00:00,9999.81683479103
2025-08-08 20:30:00+00:00,9999.81683479103
2025-08-08 20:30:00+00:00,9999.81683479103
2025-08-08 20:30:00+00:00,9999.81683479103
2025-08-08 20:30:00+00:00,9999.81683479103
2025-08-08 20:35:00+00:00,9999.81683479103
2025-08-08 20:35:00+00:00,9999.81683479103
2025-08-08 20:35:00+00:00,9999.81683479103
2025-08-08 20:35:00+00:00,9999.81683479103
2025-08-08 20:35:00+00:00,9999.81683479103
2025-08-08 20:35:00+00:00,9999.81683479103
2025-08-08 20:35:00+00:00,9999.81683479103
2025-08-08 20:35:00+00:00,9999.81683479103
2025-08-08 20:35:00+00:00,9999.81683479103
2025-08-08 20:35:00+00:00,9999.81683479103
2025-08-08 20:35:00+00:00,9999.81683479103
2025-08-08 20:36:00+00:00,9999.81683479103
2025-08-08 20:36:00+00:00,9999.81683479103
2025-08-08 20:36:00+00:00,9999.81683479103
2025-08-08 20:36:00+00:00,9999.81683479103
2025-08-08 20:36:00+00:00,9999.81683479103
2025-08-08 20:36:00+00:00,9999.81683479103
2025-08-08 20:36:00+00:00,9999.81683479103
2025-08-08 20:36:00+00:00,9999.81683479103
2025-08-08 20:36:00+00:00,9999.81683479103
2025-08-08 20:36:00+00:00,9999.81683479103
2025-08-08 20:39:00+00:00,9999.81683479103
2025-08-08 20:39:00+00:00,9999.81683479103
2025-08-08 20:39:00+00:00,9999.81683479103
2025-08-08 20:39:00+00:00,9999.81683479103
2025-08-08 20:39:00+00:00,9999.81683479103
2025-08-08 20:39:00+00:00,9999.81683479103
2025-08-08 20:39:00+00:00,9999.81683479103
2025-08-08 20:39:00+00:00,9999.81683479103
2025-08-08 20:39:00+00:00,9999.81683479103
2025-08-08 20:39:00+00:00,9999.81683479103
2025-08-08 20:40:00+00:00,9999.81683479103
2025-08-08 20:40:00+00:00,9999.81683479103
2025-08-08 20:40:00+00:00,9999.81683479103
2025-08-08 20:40:00+00:00,9999.81683479103
2025-08-08 20:40:00+00:00,9999.81683479103
2025-08-08 20:40:00+00:00,9999.81683479103
2025-08-08 20:40:00+00:00,9999.81683479103
2025-08-08 20:40:00+00:00,9999.81683479103
2025-08-08 20:40:00+00:00,9999.81683479103
2025-08-08 20:40:00+00:00,9999.81683479103
2025-08-08 20:41:00+00:00,9999.956037165852
2025-08-08 20:41:00+00:00,9999.956037165852
2025-08-08 20:41:00+00:00,9999.956037165852
2025-08-08 20:41:00+00:00,9999.956037165852
2025-08-08 20:41:00+00:00,9999.956037165852
2025-08-08 20:41:00+00:00,9999.956037165852
2025-08-08 20:41:00+00:00,9999.956037165852
2025-08-08 20:41:00+00:00,9999.956037165852
2025-08-08 20:41:00+00:00,9999.956037165852
2025-08-08 20:41:00+00:00,9999.956037165852
2025-08-08 20:42:00+00:00,9999.956037165852
2025-08-08 20:42:00+00:00,9999.956037165852
2025-08-08 20:42:00+00:00,9999.956037165852
2025-08-08 20:42:00+00:00,9999.956037165852
2025-08-08 20:42:00+00:00,9999.956037165852
2025-08-08 20:42:00+00:00,9999.956037165852
2025-08-08 20:42:00+00:00,9999.956037165852
2025-08-08 20:42:00+00:00,9999.956037165852
2025-08-08 20:42:00+00:00,9999.956037165852
2025-08-08 20:42:00+00:00,9999.956037165852
2025-08-08 20:43:00+00:00,9999.956037165852
2025-08-08 20:43:00+00:00,9999.956037165852
2025-08-08 20:43:00+00:00,9999.956037165852
2025-08-08 20:43:00+00:00,9999.956037165852
2025-08-08 20:43:00+00:00,9999.956037165852
2025-08-08 20:43:00+00:00,9999.956037165852
2025-08-08 20:43:00+00:00,9999.956037165852
2025-08-08 20:43:00+00:00,9999.956037165852
2025-08-08 20:43:00+00:00,9999.956037165852
2025-08-08 20:43:00+00:00,9999.956037165852
2025-08-08 20:45:00+00:00,9999.956037165852
2025-08-08 20:45:00+00:00,9999.956037165852
2025-08-08 20:45:00+00:00,9999.956037165852
2025-08-08 20:45:00+00:00,9999.956037165852
2025-08-08 20:45:00+00:00,9999.956037165852
2025-08-08 20:45:00+00:00,9999.956037165852
2025-08-08 20:45:00+00:00,9999.956037165852
2025-08-08 20:45:00+00:00,9999.956037165852
2025-08-08 20:45:00+00:00,9999.956037165852
2025-08-08 20:45:00+00:00,9999.956037165852
2025-08-08 20:46:00+00:00,9999.956037165852
2025-08-08 20:46:00+00:00,9999.956037165852
2025-08-08 20:46:00+00:00,9999.956037165852
2025-08-08 20:46:00+00:00,9999.956037165852
2025-08-08 20:46:00+00:00,9999.956037165852
2025-08-08 20:46:00+00:00,9999.956037165852
2025-08-08 20:46:00+00:00,9999.956037165852
2025-08-08 20:46:00+00:00,9999.956037165852
2025-08-08 20:46:00+00:00,9999.956037165852
2025-08-08 20:46:00+00:00,9999.956037165852
2025-08-08 20:48:00+00:00,9999.956037165852
2025-08-08 20:48:00+00:00,9999.956037165852
2025-08-08 20:48:00+00:00,9999.956037165852
2025-08-08 20:48:00+00:00,9999.956037165852
2025-08-08 20:48:00+00:00,9999.956037165852
2025-08-08 20:48:00+00:00,9999.956037165852
2025-08-08 20:48:00+00:00,9999.956037165852
2025-08-08 20:48:00+00:00,9999.956037165852
2025-08-08 20:48:00+00:00,9999.956037165852
2025-08-08 20:49:00+00:00,10000.03699742622
2025-08-08 20:49:00+00:00,10000.03699742622
2025-08-08 20:49:00+00:00,10000.03699742622
2025-08-08 20:49:00+00:00,10000.03699742622
2025-08-08 20:49:00+00:00,10000.03699742622
2025-08-08 20:49:00+00:00,10000.03699742622
2025-08-08 20:49:00+00:00,10000.03699742622
2025-08-08 20:49:00+00:00,10000.03699742622
2025-08-08 20:49:00+00:00,10000.03699742622
2025-08-08 20:51:00+00:00,10000.03699742622
2025-08-08 20:51:00+00:00,10000.03699742622
2025-08-08 20:51:00+00:00,10000.03699742622
2025-08-08 20:51:00+00:00,10000.03699742622
2025-08-08 20:51:00+00:00,10000.03699742622
2025-08-08 20:51:00+00:00,10000.03699742622
2025-08-08 20:51:00+00:00,10000.03699742622
2025-08-08 20:51:00+00:00,10000.03699742622
2025-08-08 20:51:00+00:00,10000.03699742622
2025-08-08 20:54:00+00:00,10000.03699742622
2025-08-08 20:54:00+00:00,10000.03699742622
2025-08-08 20:54:00+00:00,10000.03699742622
2025-08-08 20:54:00+00:00,10000.03699742622
2025-08-08 20:54:00+00:00,10000.03699742622
2025-08-08 20:54:00+00:00,10000.03699742622
2025-08-08 20:54:00+00:00,10000.03699742622
2025-08-08 20:54:00+00:00,10000.03699742622
2025-08-08 20:57:00+00:00,9999.9834764462
2025-08-08 20:57:00+00:00,9999.9834764462
2025-08-08 20:57:00+00:00,9999.9834764462
2025-08-08 20:57:00+00:00,9999.9834764462
2025-08-08 20:57:00+00:00,9999.9834764462
2025-08-08 20:57:00+00:00,9999.9834764462
2025-08-08 20:57:00+00:00,9999.9834764462
2025-08-08 21:00:00+00:00,9999.9834764462
2025-08-08 21:00:00+00:00,9999.9834764462
2025-08-08 21:00:00+00:00,9999.9834764462
2025-08-08 21:00:00+00:00,9999.9834764462
2025-08-08 21:00:00+00:00,9999.9834764462
2025-08-08 21:00:00+00:00,9999.9834764462
2025-08-08 21:01:00+00:00,9999.9834764462
2025-08-08 21:01:00+00:00,9999.9834764462
2025-08-08 21:01:00+00:00,9999.9834764462
2025-08-08 21:01:00+00:00,9999.9834764462
2025-08-08 21:01:00+00:00,9999.9834764462
2025-08-08 21:01:00+00:00,9999.9834764462
2025-08-08 21:05:00+00:00,9999.9834764462
2025-08-08 21:05:00+00:00,9999.9834764462
2025-08-08 21:05:00+00:00,9999.9834764462
2025-08-08 21:05:00+00:00,9999.9834764462
2025-08-08 21:05:00+00:00,9999.9834764462
2025-08-08 21:05:00+00:00,9999.9834764462
2025-08-08 21:06:00+00:00,9999.9834764462
2025-08-08 21:06:00+00:00,9999.9834764462
2025-08-08 21:06:00+00:00,9999.9834764462
2025-08-08 21:06:00+00:00,9999.9834764462
2025-08-08 21:06:00+00:00,9999.9834764462
2025-08-08 21:06:00+00:00,9999.9834764462
2025-08-08 21:07:00+00:00,9999.9834764462
2025-08-08 21:07:00+00:00,9999.9834764462
2025-08-08 21:07:00+00:00,9999.9834764462
2025-08-08 21:07:00+00:00,9999.9834764462
2025-08-08 21:07:00+00:00,9999.9834764462
2025-08-08 21:07:00+00:00,9999.9834764462
2025-08-08 21:09:00+00:00,9999.9834764462
2025-08-08 21:09:00+00:00,9999.9834764462
2025-08-08 21:09:00+00:00,9999.9834764462
2025-08-08 21:09:00+00:00,9999.9834764462
2025-08-08 21:09:00+00:00,9999.9834764462
2025-08-08 21:09:00+00:00,9999.9834764462
2025-08-08 21:09:00+00:00,9999.9834764462
2025-08-08 21:10:00+00:00,9999.9834764462
2025-08-08 21:10:00+00:00,9999.9834764462
2025-08-08 21:10:00+00:00,9999.9834764462
2025-08-08 21:10:00+00:00,9999.9834764462
2025-08-08 21:10:00+00:00,9999.9834764462
2025-08-08 21:10:00+00:00,9999.9834764462
2025-08-08 21:10:00+00:00,9999.9834764462
2025-08-08 21:11:00+00:00,9999.9834764462
2025-08-08 21:11:00+00:00,9999.9834764462
2025-08-08 21:11:00+00:00,9999.9834764462
2025-08-08 21:11:00+00:00,9999.9834764462
2025-08-08 21:11:00+00:00,9999.9834764462
2025-08-08 21:11:00+00:00,9999.9834764462
2025-08-08 21:11:00+00:00,9999.9834764462
2025-08-08 21:12:00+00:00,9999.9834764462
2025-08-08 21:12:00+00:00,9999.9834764462
2025-08-08 21:12:00+00:00,9999.9834764462
2025-08-08 21:12:00+00:00,9999.9834764462
2025-08-08 21:12:00+00:00,9999.9834764462
2025-08-08 21:12:00+00:00,9999.9834764462
2025-08-08 21:12:00+00:00,9999.9834764462
2025-08-08 21:13:00+00:00,9999.9834764462
2025-08-08 21:13:00+00:00,9999.9834764462
2025-08-08 21:13:00+00:00,9999.9834764462
2025-08-08 21:13:00+00:00,9999.9834764462
2025-08-08 21:13:00+00:00,9999.9834764462
2025-08-08 21:13:00+00:00,9999.9834764462
2025-08-08 21:13:00+00:00,9999.9834764462
2025-08-08 21:15:00+00:00,9999.944142288225
2025-08-08 21:15:00+00:00,9999.944142288225
2025-08-08 21:15:00+00:00,9999.944142288225
2025-08-08 21:15:00+00:00,9999.944142288225
2025-08-08 21:15:00+00:00,9999.944142288225
2025-08-08 21:15:00+00:00,9999.944142288225
2025-08-08 21:15:00+00:00,9999.944142288225
2025-08-08 21:16:00+00:00,9999.944142288225
2025-08-08 21:16:00+00:00,9999.944142288225
2025-08-08 21:16:00+00:00,9999.944142288225
2025-08-08 21:16:00+00:00,9999.944142288225
2025-08-08 21:16:00+00:00,9999.944142288225
2025-08-08 21:16:00+00:00,9999.944142288225
2025-08-08 21:16:00+00:00,9999.944142288225
2025-08-08 21:18:00+00:00,9999.944142288225
2025-08-08 21:18:00+00:00,9999.944142288225
2025-08-08 21:18:00+00:00,9999.944142288225
2025-08-08 21:18:00+00:00,9999.944142288225
2025-08-08 21:18:00+00:00,9999.944142288225
2025-08-08 21:18:00+00:00,9999.944142288225
2025-08-08 21:18:00+00:00,9999.944142288225
2025-08-08 21:19:00+00:00,9999.944142288225
2025-08-08 21:19:00+00:00,9999.944142288225
2025-08-08 21:19:00+00:00,9999.944142288225
2025-08-08 21:19:00+00:00,9999.944142288225
2025-08-08 21:19:00+00:00,9999.944142288225
2025-08-08 21:19:00+00:00,9999.944142288225
2025-08-08 21:19:00+00:00,9999.944142288225
2025-08-08 21:20:00+00:00,9999.944142288225
2025-08-08 21:20:00+00:00,9999.944142288225
2025-08-08 21:20:00+00:00,9999.944142288225
2025-08-08 21:20:00+00:00,9999.944142288225
2025-08-08 21:20:00+00:00,9999.944142288225
2025-08-08 21:20:00+00:00,9999.944142288225
2025-08-08 21:20:00+00:00,9999.944142288225
2025-08-08 21:21:00+00:00,9999.944142288225
2025-08-08 21:21:00+00:00,9999.944142288225
2025-08-08 21:21:00+00:00,9999.944142288225
2025-08-08 21:21:00+00:00,9999.944142288225
2025-08-08 21:21:00+00:00,9999.944142288225
2025-08-08 21:21:00+00:00,9999.944142288225
2025-08-08 21:22:00+00:00,9999.944142288225
2025-08-08 21:22:00+00:00,9999.944142288225
2025-08-08 21:22:00+00:00,9999.944142288225
2025-08-08 21:22:00+00:00,9999.944142288225
2025-08-08 21:22:00+00:00,9999.944142288225
2025-08-08 21:22:00+00:00,9999.944142288225
2025-08-08 21:23:00+00:00,9999.944142288225
2025-08-08 21:23:00+00:00,9999.944142288225
2025-08-08 21:23:00+00:00,9999.944142288225
2025-08-08 21:23:00+00:00,9999.944142288225
2025-08-08 21:23:00+00:00,9999.944142288225
2025-08-08 21:23:00+00:00,9999.944142288225
2025-08-08 21:30:00+00:00,9999.944142288225
2025-08-08 21:30:00+00:00,9999.944142288225
2025-08-08 21:30:00+00:00,9999.944142288225
2025-08-08 21:30:00+00:00,9999.944142288225
2025-08-08 21:30:00+00:00,9999.944142288225
2025-08-08 21:30:00+00:00,9999.944142288225
2025-08-08 21:30:00+00:00,9999.944142288225
2025-08-08 21:35:00+00:00,9999.944142288225
2025-08-08 21:35:00+00:00,9999.944142288225
2025-08-08 21:35:00+00:00,9999.944142288225
2025-08-08 21:35:00+00:00,9999.944142288225
2025-08-08 21:35:00+00:00,9999.944142288225
2025-08-08 21:35:00+00:00,9999.944142288225
2025-08-08 21:36:00+00:00,9999.944142288225
2025-08-08 21:36:00+00:00,9999.944142288225
2025-08-08 21:36:00+00:00,9999.944142288225
2025-08-08 21:36:00+00:00,9999.944142288225
2025-08-08 21:36:00+00:00,9999.944142288225
2025-08-08 21:36:00+00:00,9999.944142288225
2025-08-08 21:41:00+00:00,9999.944142288225
2025-08-08 21:41:00+00:00,9999.944142288225
2025-08-08 21:41:00+00:00,9999.944142288225
2025-08-08 21:41:00+00:00,9999.944142288225
2025-08-08 21:41:00+00:00,9999.944142288225
2025-08-08 21:44:00+00:00,9999.944142288225
2025-08-08 21:44:00+00:00,9999.944142288225
2025-08-08 21:44:00+00:00,9999.944142288225
2025-08-08 21:44:00+00:00,9999.944142288225
2025-08-08 21:44:00+00:00,9999.944142288225
2025-08-08 21:45:00+00:00,9999.944142288225
2025-08-08 21:45:00+00:00,9999.944142288225
2025-08-08 21:45:00+00:00,9999.944142288225
2025-08-08 21:45:00+00:00,9999.944142288225
2025-08-08 21:45:00+00:00,9999.944142288225
2025-08-08 21:52:00+00:00,9999.944142288225
2025-08-08 21:52:00+00:00,9999.944142288225
2025-08-08 21:52:00+00:00,9999.944142288225
2025-08-08 21:52:00+00:00,9999.944142288225
2025-08-08 21:52:00+00:00,9999.944142288225
2025-08-08 21:56:00+00:00,9999.944142288225
2025-08-08 21:56:00+00:00,9999.944142288225
2025-08-08 21:56:00+00:00,9999.944142288225
2025-08-08 21:56:00+00:00,9999.944142288225
2025-08-08 21:56:00+00:00,9999.944142288225
2025-08-08 21:58:00+00:00,10000.023048369563
2025-08-08 21:58:00+00:00,10000.023048369563
2025-08-08 21:58:00+00:00,10000.023048369563
2025-08-08 21:58:00+00:00,10000.023048369563
2025-08-08 21:58:00+00:00,10000.023048369563
2025-08-08 21:58:00+00:00,10000.023048369563
2025-08-08 21:59:00+00:00,10000.023048369563
2025-08-08 21:59:00+00:00,10000.023048369563
2025-08-08 21:59:00+00:00,10000.023048369563
2025-08-08 21:59:00+00:00,10000.023048369563
2025-08-08 21:59:00+00:00,10000.023048369563
2025-08-08 21:59:00+00:00,10000.023048369563
2025-08-08 22:00:00+00:00,10000.023048369563
2025-08-08 22:00:00+00:00,10000.023048369563
2025-08-08 22:00:00+00:00,10000.023048369563
2025-08-08 22:00:00+00:00,10000.023048369563
2025-08-08 22:00:00+00:00,10000.023048369563
2025-08-08 22:00:00+00:00,10000.023048369563
2025-08-08 22:01:00+00:00,10000.023048369563
2025-08-08 22:01:00+00:00,10000.023048369563
2025-08-08 22:01:00+00:00,10000.023048369563
2025-08-08 22:01:00+00:00,10000.023048369563
2025-08-08 22:01:00+00:00,10000.023048369563
2025-08-08 22:01:00+00:00,10000.023048369563
2025-08-08 22:02:00+00:00,10000.023048369563
2025-08-08 22:02:00+00:00,10000.023048369563
2025-08-08 22:02:00+00:00,10000.023048369563
2025-08-08 22:02:00+00:00,10000.023048369563
2025-08-08 22:02:00+00:00,10000.023048369563
2025-08-08 22:02:00+00:00,10000.023048369563
2025-08-08 22:06:00+00:00,10000.023048369563
2025-08-08 22:06:00+00:00,10000.023048369563
2025-08-08 22:06:00+00:00,10000.023048369563
2025-08-08 22:06:00+00:00,10000.023048369563
2025-08-08 22:06:00+00:00,10000.023048369563
2025-08-08 22:06:00+00:00,10000.023048369563
2025-08-08 22:08:00+00:00,10000.023048369563
2025-08-08 22:08:00+00:00,10000.023048369563
2025-08-08 22:08:00+00:00,10000.023048369563
2025-08-08 22:08:00+00:00,10000.023048369563
2025-08-08 22:08:00+00:00,10000.023048369563
2025-08-08 22:08:00+00:00,10000.023048369563
2025-08-08 22:09:00+00:00,10000.023048369563
2025-08-08 22:09:00+00:00,10000.023048369563
2025-08-08 22:09:00+00:00,10000.023048369563
2025-08-08 22:09:00+00:00,10000.023048369563
2025-08-08 22:09:00+00:00,10000.023048369563
2025-08-08 22:09:00+00:00,10000.023048369563
2025-08-08 22:15:00+00:00,10000.023048369563
2025-08-08 22:15:00+00:00,10000.023048369563
2025-08-08 22:15:00+00:00,10000.023048369563
2025-08-08 22:15:00+00:00,10000.023048369563
2025-08-08 22:15:00+00:00,10000.023048369563
2025-08-08 22:15:00+00:00,10000.023048369563
2025-08-08 22:17:00+00:00,10000.023048369563
2025-08-08 22:17:00+00:00,10000.023048369563
2025-08-08 22:17:00+00:00,10000.023048369563
2025-08-08 22:17:00+00:00,10000.023048369563
2025-08-08 22:17:00+00:00,10000.023048369563
2025-08-08 22:17:00+00:00,10000.023048369563
2025-08-08 22:30:00+00:00,10000.023048369563
2025-08-08 22:30:00+00:00,10000.023048369563
2025-08-08 22:30:00+00:00,10000.023048369563
2025-08-08 22:30:00+00:00,10000.023048369563
2025-08-08 22:31:00+00:00,10000.023048369563
2025-08-08 22:31:00+00:00,10000.023048369563
2025-08-08 22:31:00+00:00,10000.023048369563
2025-08-08 22:31:00+00:00,10000.023048369563
2025-08-08 22:32:00+00:00,10000.01195867817
2025-08-08 22:32:00+00:00,10000.01195867817
2025-08-08 22:32:00+00:00,10000.01195867817
2025-08-08 22:32:00+00:00,10000.01195867817
2025-08-08 22:40:00+00:00,10000.01195867817
2025-08-08 22:40:00+00:00,10000.01195867817
2025-08-08 22:40:00+00:00,10000.01195867817
2025-08-08 22:40:00+00:00,10000.01195867817
2025-08-08 22:42:00+00:00,10000.01195867817
2025-08-08 22:42:00+00:00,10000.01195867817
2025-08-08 22:42:00+00:00,10000.01195867817
2025-08-08 22:42:00+00:00,10000.01195867817
2025-08-08 22:43:00+00:00,10000.01195867817
2025-08-08 22:43:00+00:00,10000.01195867817
2025-08-08 22:43:00+00:00,10000.01195867817
2025-08-08 22:43:00+00:00,10000.01195867817
2025-08-08 22:45:00+00:00,10000.01195867817
2025-08-08 22:45:00+00:00,10000.01195867817
2025-08-08 22:45:00+00:00,10000.01195867817
2025-08-08 22:45:00+00:00,10000.01195867817
2025-08-08 22:47:00+00:00,10000.01195867817
2025-08-08 22:47:00+00:00,10000.01195867817
2025-08-08 22:47:00+00:00,10000.01195867817
2025-08-08 22:47:00+00:00,10000.01195867817
2025-08-08 22:48:00+00:00,10000.01195867817
2025-08-08 22:48:00+00:00,10000.01195867817
2025-08-08 22:48:00+00:00,10000.01195867817
2025-08-08 22:48:00+00:00,10000.01195867817
2025-08-08 23:00:00+00:00,9999.915587439677
2025-08-08 23:00:00+00:00,9999.915587439677
2025-08-08 23:00:00+00:00,9999.915587439677
2025-08-08 23:00:00+00:00,9999.915587439677
2025-08-08 23:15:00+00:00,9999.915587439677
2025-08-08 23:15:00+00:00,9999.915587439677
2025-08-08 23:15:00+00:00,9999.915587439677
2025-08-08 23:15:00+00:00,9999.915587439677
2025-08-08 23:17:00+00:00,9999.915587439677
2025-08-08 23:17:00+00:00,9999.915587439677
2025-08-08 23:17:00+00:00,9999.915587439677
2025-08-08 23:17:00+00:00,9999.915587439677
2025-08-08 23:28:00+00:00,9999.915587439677
2025-08-08 23:28:00+00:00,9999.915587439677
2025-08-08 23:28:00+00:00,9999.915587439677
2025-08-08 23:31:00+00:00,9999.915587439677
2025-08-08 23:31:00+00:00,9999.915587439677
2025-08-08 23:31:00+00:00,9999.915587439677
2025-08-08 23:38:00+00:00,9999.915587439677
2025-08-08 23:38:00+00:00,9999.915587439677
2025-08-08 23:38:00+00:00,9999.915587439677
2025-08-08 23:43:00+00:00,9999.915587439677
2025-08-08 23:43:00+00:00,9999.915587439677
2025-08-08 23:43:00+00:00,9999.915587439677
2025-08-08 23:44:00+00:00,9999.915587439677
2025-08-08 23:44:00+00:00,9999.915587439677
2025-08-08 23:44:00+00:00,9999.915587439677
2025-08-08 23:49:00+00:00,9999.915587439677
2025-08-08 23:49:00+00:00,9999.915587439677
2025-08-08 23:49:00+00:00,9999.915587439677
2025-08-08 23:51:00+00:00,9999.915587439677
2025-08-08 23:51:00+00:00,9999.915587439677
2025-08-08 23:51:00+00:00,9999.915587439677
2025-08-08 23:51:00+00:00,9999.915587439677
2025-08-08 23:58:00+00:00,9999.915587439677
2025-08-08 23:58:00+00:00,9999.915587439677
2025-08-08 23:58:00+00:00,9999.915587439677
2025-08-09 00:03:00+00:00,9999.915587439677
2025-08-09 00:03:00+00:00,9999.915587439677
2025-08-09 00:03:00+00:00,9999.915587439677
2025-08-09 00:05:00+00:00,9999.915587439677
2025-08-09 00:05:00+00:00,9999.915587439677
2025-08-09 00:05:00+00:00,9999.915587439677
2025-08-09 00:09:00+00:00,9999.915587439677
2025-08-09 00:09:00+00:00,9999.915587439677
2025-08-09 00:09:00+00:00,9999.915587439677
2025-08-09 00:09:00+00:00,9999.915587439677
2025-08-09 00:10:00+00:00,9999.915587439677
2025-08-09 00:10:00+00:00,9999.915587439677
2025-08-09 00:10:00+00:00,9999.915587439677
2025-08-09 00:10:00+00:00,9999.915587439677
2025-08-09 00:15:00+00:00,9999.915587439677
2025-08-09 00:15:00+00:00,9999.915587439677
2025-08-09 00:15:00+00:00,9999.915587439677
2025-08-09 00:17:00+00:00,9999.915587439677
2025-08-09 00:17:00+00:00,9999.915587439677
2025-08-09 00:17:00+00:00,9999.915587439677
2025-08-09 00:27:00+00:00,9999.915587439677
2025-08-09 00:27:00+00:00,9999.915587439677
2025-08-09 00:27:00+00:00,9999.915587439677
2025-08-09 00:29:00+00:00,9999.915587439677
2025-08-09 00:29:00+00:00,9999.915587439677
2025-08-09 00:29:00+00:00,9999.915587439677
2025-08-09 00:32:00+00:00,9999.844900544598
2025-08-09 00:32:00+00:00,9999.844900544598
2025-08-09 00:32:00+00:00,9999.844900544598
2025-08-09 00:42:00+00:00,9999.844900544598
2025-08-09 00:42:00+00:00,9999.844900544598
2025-08-09 00:42:00+00:00,9999.844900544598
2025-08-09 00:55:00+00:00,9999.844900544598
2025-08-09 00:55:00+00:00,9999.844900544598
2025-08-09 00:55:00+00:00,9999.844900544598
2025-08-09 00:56:00+00:00,9999.844900544598
2025-08-09 00:56:00+00:00,9999.844900544598
2025-08-09 00:56:00+00:00,9999.844900544598
2025-08-09 00:59:00+00:00,9999.844900544598
2025-08-09 00:59:00+00:00,9999.844900544598
2025-08-09 00:59:00+00:00,9999.844900544598
2025-08-09 01:04:00+00:00,9999.844900544598
2025-08-09 01:04:00+00:00,9999.844900544598
2025-08-09 01:06:00+00:00,9999.844900544598
2025-08-09 01:06:00+00:00,9999.844900544598
2025-08-09 01:07:00+00:00,9999.844900544598
2025-08-09 01:07:00+00:00,9999.844900544598
2025-08-09 01:09:00+00:00,9999.844900544598
2025-08-09 01:09:00+00:00,9999.844900544598
2025-08-09 01:17:00+00:00,9999.844900544598
2025-08-09 01:17:00+00:00,9999.844900544598
2025-08-09 01:22:00+00:00,9999.844900544598
2025-08-09 01:22:00+00:00,9999.844900544598
2025-08-09 01:32:00+00:00,9999.844900544598
2025-08-09 01:32:00+00:00,9999.844900544598
2025-08-09 01:44:00+00:00,9999.844900544598
2025-08-09 01:44:00+00:00,9999.844900544598
2025-08-09 01:48:00+00:00,9999.844900544598
2025-08-09 01:48:00+00:00,9999.844900544598
2025-08-09 02:00:00+00:00,9999.844900544598
2025-08-09 06:47:00+00:00,9999.844900544598
2025-08-09 06:49:00+00:00,9999.844900544598
2025-08-09 06:50:00+00:00,9999.844900544598
2025-08-09 06:51:00+00:00,9999.844900544598
2025-08-09 06:52:00+00:00,9999.844900544598
2025-08-09 06:53:00+00:00,9999.844900544598
2025-08-09 06:57:00+00:00,9999.844900544598
2025-08-09 06:58:00+00:00,9999.844900544598
2025-08-09 07:00:00+00:00,9999.787551652948
2025-08-09 07:01:00+00:00,9999.787551652948
2025-08-09 07:02:00+00:00,9999.787551652948
2025-08-09 07:03:00+00:00,9999.787551652948
2025-08-09 07:05:00+00:00,9999.787551652948
2025-08-09 07:06:00+00:00,9999.787551652948
2025-08-09 07:07:00+00:00,9999.787551652948
2025-08-09 07:08:00+00:00,9999.787551652948
2025-08-09 07:12:00+00:00,9999.787551652948
2025-08-09 07:15:00+00:00,9999.787551652948
2025-08-09 07:16:00+00:00,9999.787551652948
2025-08-09 07:18:00+00:00,9999.787551652948
2025-08-09 07:24:00+00:00,9999.787551652948
2025-08-09 07:26:00+00:00,9999.787551652948
2025-08-09 07:30:00+00:00,9999.787551652948
2025-08-09 07:34:00+00:00,9999.787551652948
2025-08-09 07:37:00+00:00,9999.787551652948
2025-08-09 07:38:00+00:00,9999.787551652948
2025-08-09 07:55:00+00:00,9999.787551652948
2025-08-09 07:56:00+00:00,9999.787551652948
2025-08-09 07:57:00+00:00,9999.787551652948
2025-08-09 07:58:00+00:00,9999.787551652948
2025-08-09 07:59:00+00:00,9999.787551652948
2025-08-09 08:01:00+00:00,9999.787551652948
2025-08-09 08:02:00+00:00,9999.787551652948
2025-08-09 08:03:00+00:00,9999.787551652948
2025-08-09 08:04:00+00:00,9999.787551652948
2025-08-09 08:07:00+00:00,9999.787551652948
2025-08-09 08:08:00+00:00,9999.787551652948
2025-08-09 08:09:00+00:00,9999.787551652948
2025-08-09 08:10:00+00:00,9999.787551652948
2025-08-09 08:11:00+00:00,9999.787551652948
2025-08-09 08:12:00+00:00,9999.787551652948
2025-08-09 08:13:00+00:00,9999.787551652948
2025-08-09 08:14:00+00:00,9999.787551652948
2025-08-09 08:15:00+00:00,9999.787551652948
2025-08-09 08:16:00+00:00,9999.787551652948
2025-08-09 08:17:00+00:00,9999.787551652948
2025-08-09 08:19:00+00:00,9999.787551652948
2025-08-09 08:21:00+00:00,9999.787551652948
2025-08-09 08:22:00+00:00,9999.787551652948
2025-08-09 08:23:00+00:00,9999.787551652948
2025-08-09 08:24:00+00:00,9999.787551652948
2025-08-09 08:25:00+00:00,9999.787551652948
2025-08-09 08:26:00+00:00,9999.787551652948
2025-08-09 08:29:00+00:00,9999.787551652948
2025-08-09 08:30:00+00:00,9999.787551652948
2025-08-09 08:31:00+00:00,9999.787551652948
2025-08-09 08:33:00+00:00,9999.787551652948
2025-08-09 08:34:00+00:00,9999.787551652948
2025-08-09 08:35:00+00:00,9999.787551652948
2025-08-09 08:36:00+00:00,9999.787551652948
2025-08-09 08:38:00+00:00,9999.787551652948
2025-08-09 15:27:00+00:00,9999.787551652948
2025-08-09 15:29:00+00:00,9999.787551652948
2025-08-09 15:30:00+00:00,9999.787551652948
2025-08-09 15:33:00+00:00,9999.787551652948
2025-08-09 15:36:00+00:00,9999.787551652948
2025-08-09 15:37:00+00:00,9999.787551652948
2025-08-09 15:40:00+00:00,9999.787551652948
2025-08-09 15:44:00+00:00,9999.787551652948
2025-08-09 15:59:00+00:00,9999.787551652948
2025-08-09 16:00:00+00:00,9999.787551652948
2025-08-09 16:02:00+00:00,9999.787551652948
2025-08-09 16:03:00+00:00,9999.787551652948
2025-08-09 16:05:00+00:00,9999.787551652948
2025-08-09 16:11:00+00:00,9999.787551652948
2025-08-09 16:15:00+00:00,9999.787551652948
2025-08-09 16:18:00+00:00,9999.787551652948
2025-08-09 16:19:00+00:00,9999.787551652948
2025-08-09 16:22:00+00:00,9999.787551652948
2025-08-09 16:23:00+00:00,9999.787551652948
2025-08-09 16:24:00+00:00,9999.787551652948
2025-08-09 16:26:00+00:00,9999.787551652948
2025-08-09 16:27:00+00:00,9999.787551652948
2025-08-09 16:28:00+00:00,9999.787551652948
2025-08-09 16:33:00+00:00,9999.787551652948
2025-08-09 16:34:00+00:00,9999.787551652948
2025-08-09 16:39:00+00:00,9999.787551652948
2025-08-09 16:43:00+00:00,9999.787551652948
2025-08-09 16:44:00+00:00,9999.787551652948
2025-08-09 16:45:00+00:00,9999.787551652948
2025-08-09 16:47:00+00:00,9999.787551652948
2025-08-09 16:48:00+00:00,9999.787551652948
2025-08-09 16:50:00+00:00,9999.787551652948
2025-08-09 16:56:00+00:00,9999.787551652948
2025-08-09 16:57:00+00:00,9999.787551652948
2025-08-09 16:58:00+00:00,9999.787551652948
2025-08-09 16:59:00+00:00,9999.787551652948
2025-08-09 17:00:00+00:00,9999.787551652948
2025-08-09 17:03:00+00:00,9999.787551652948
2025-08-09 17:05:00+00:00,9999.787551652948
2025-08-09 17:07:00+00:00,9999.787551652948
2025-08-09 17:10:00+00:00,9999.787551652948
2025-08-09 17:11:00+00:00,9999.787551652948
2025-08-09 17:12:00+00:00,9999.787551652948
2025-08-09 17:18:00+00:00,9999.787551652948
2025-08-09 17:25:00+00:00,9999.787551652948
2025-08-09 17:26:00+00:00,9999.787551652948
2025-08-09 17:27:00+00:00,9999.787551652948
2025-08-09 17:29:00+00:00,9999.787551652948
2025-08-09 17:32:00+00:00,9999.787551652948
2025-08-09 17:36:00+00:00,9999.787551652948
2025-08-09 17:37:00+00:00,9999.787551652948
2025-08-09 17:41:00+00:00,9999.787551652948
2025-08-09 17:43:00+00:00,9999.787551652948
2025-08-09 17:45:00+00:00,9999.787551652948
2025-08-09 17:46:00+00:00,9999.787551652948
2025-08-09 17:50:00+00:00,9999.787551652948
2025-08-09 17:51:00+00:00,9999.787551652948
2025-08-09 17:52:00+00:00,9999.787551652948
2025-08-09 17:55:00+00:00,9999.787551652948
2025-08-09 17:56:00+00:00,9999.787551652948
2025-08-09 17:57:00+00:00,9999.787551652948
2025-08-09 17:58:00+00:00,9999.787551652948
2025-08-09 17:59:00+00:00,9999.787551652948
2025-08-09 18:00:00+00:00,9999.787551652948
2025-08-09 18:02:00+00:00,9999.787551652948
2025-08-09 18:03:00+00:00,9999.787551652948
2025-08-09 18:05:00+00:00,9999.787551652948
2025-08-09 18:06:00+00:00,9999.787551652948
2025-08-09 18:15:00+00:00,9999.787551652948
2025-08-09 18:17:00+00:00,9999.787551652948
2025-08-09 18:18:00+00:00,9999.787551652948
2025-08-09 18:20:00+00:00,9999.787551652948
2025-08-09 18:24:00+00:00,9999.787551652948
2025-08-09 18:27:00+00:00,9999.787551652948
2025-08-09 18:29:00+00:00,9999.787551652948
2025-08-09 18:31:00+00:00,9999.787551652948
2025-08-09 18:35:00+00:00,9999.787551652948
2025-08-09 18:36:00+00:00,9999.787551652948
2025-08-09 18:37:00+00:00,9999.787551652948
2025-08-09 18:37:00+00:00,9999.787551652948
2025-08-09 18:39:00+00:00,9999.787551652948
2025-08-09 18:39:00+00:00,9999.787551652948
2025-08-09 18:40:00+00:00,9999.787551652948
2025-08-09 18:40:00+00:00,9999.787551652948
2025-08-09 18:43:00+00:00,9999.787551652948
2025-08-09 18:43:00+00:00,9999.787551652948
2025-08-09 18:44:00+00:00,9999.787551652948
2025-08-09 18:44:00+00:00,9999.787551652948
2025-08-09 18:44:00+00:00,9999.787551652948
2025-08-09 18:47:00+00:00,9999.787551652948
2025-08-09 18:47:00+00:00,9999.787551652948
2025-08-09 18:47:00+00:00,9999.787551652948
2025-08-09 18:50:00+00:00,9999.787551652948
2025-08-09 18:50:00+00:00,9999.787551652948
2025-08-09 18:50:00+00:00,9999.787551652948
2025-08-09 18:51:00+00:00,9999.787551652948
2025-08-09 18:51:00+00:00,9999.787551652948
2025-08-09 18:51:00+00:00,9999.787551652948
2025-08-09 18:52:00+00:00,9999.787551652948
2025-08-09 18:52:00+00:00,9999.787551652948
2025-08-09 18:52:00+00:00,9999.787551652948
2025-08-09 18:53:00+00:00,9999.787551652948
2025-08-09 18:53:00+00:00,9999.787551652948
2025-08-09 18:53:00+00:00,9999.787551652948
2025-08-09 18:55:00+00:00,9999.787551652948
2025-08-09 18:55:00+00:00,9999.787551652948
2025-08-09 18:55:00+00:00,9999.787551652948
2025-08-09 18:57:00+00:00,9999.787551652948
2025-08-09 18:57:00+00:00,9999.787551652948
2025-08-09 18:57:00+00:00,9999.787551652948
2025-08-09 18:59:00+00:00,9999.787551652948
2025-08-09 18:59:00+00:00,9999.787551652948
2025-08-09 18:59:00+00:00,9999.787551652948
2025-08-09 19:00:00+00:00,9999.787551652948
2025-08-09 19:00:00+00:00,9999.787551652948
2025-08-09 19:00:00+00:00,9999.787551652948
2025-08-09 19:01:00+00:00,9999.787551652948
2025-08-09 19:01:00+00:00,9999.787551652948
2025-08-09 19:01:00+00:00,9999.787551652948
2025-08-09 19:02:00+00:00,9999.720629620031
2025-08-09 19:02:00+00:00,9999.720629620031
2025-08-09 19:02:00+00:00,9999.720629620031
2025-08-09 19:03:00+00:00,9999.720629620031
2025-08-09 19:03:00+00:00,9999.720629620031
2025-08-09 19:03:00+00:00,9999.720629620031
2025-08-09 19:05:00+00:00,9999.720629620031
2025-08-09 19:05:00+00:00,9999.720629620031
2025-08-09 19:05:00+00:00,9999.720629620031
2025-08-09 19:06:00+00:00,9999.720629620031
2025-08-09 19:06:00+00:00,9999.720629620031
2025-08-09 19:06:00+00:00,9999.720629620031
2025-08-09 19:07:00+00:00,9999.720629620031
2025-08-09 19:07:00+00:00,9999.720629620031
2025-08-09 19:07:00+00:00,9999.720629620031
2025-08-09 19:07:00+00:00,9999.720629620031
2025-08-09 19:12:00+00:00,9999.720629620031
2025-08-09 19:12:00+00:00,9999.720629620031
2025-08-09 19:12:00+00:00,9999.720629620031
2025-08-09 19:12:00+00:00,9999.720629620031
2025-08-09 19:14:00+00:00,9999.720629620031
2025-08-09 19:14:00+00:00,9999.720629620031
2025-08-09 19:14:00+00:00,9999.720629620031
2025-08-09 19:14:00+00:00,9999.720629620031
2025-08-09 19:15:00+00:00,9999.720629620031
2025-08-09 19:15:00+00:00,9999.720629620031
2025-08-09 19:15:00+00:00,9999.720629620031
2025-08-09 19:15:00+00:00,9999.720629620031
2025-08-09 19:23:00+00:00,9999.720629620031
2025-08-09 19:23:00+00:00,9999.720629620031
2025-08-09 19:23:00+00:00,9999.720629620031
2025-08-09 19:23:00+00:00,9999.720629620031
2025-08-09 19:24:00+00:00,9999.720629620031
2025-08-09 19:24:00+00:00,9999.720629620031
2025-08-09 19:24:00+00:00,9999.720629620031
2025-08-09 19:24:00+00:00,9999.720629620031
2025-08-09 19:25:00+00:00,9999.720629620031
2025-08-09 19:25:00+00:00,9999.720629620031
2025-08-09 19:25:00+00:00,9999.720629620031
2025-08-09 19:25:00+00:00,9999.720629620031
2025-08-09 19:27:00+00:00,9999.720629620031
2025-08-09 19:27:00+00:00,9999.720629620031
2025-08-09 19:27:00+00:00,9999.720629620031
2025-08-09 19:28:00+00:00,9999.720629620031
2025-08-09 19:28:00+00:00,9999.720629620031
2025-08-09 19:28:00+00:00,9999.720629620031
2025-08-09 19:29:00+00:00,9999.720629620031
2025-08-09 19:29:00+00:00,9999.720629620031
2025-08-09 19:29:00+00:00,9999.720629620031
2025-08-09 19:31:00+00:00,9999.720629620031
2025-08-09 19:31:00+00:00,9999.720629620031
2025-08-09 19:31:00+00:00,9999.720629620031
2025-08-09 19:35:00+00:00,9999.720629620031
2025-08-09 19:35:00+00:00,9999.720629620031
2025-08-09 19:35:00+00:00,9999.720629620031
2025-08-09 19:37:00+00:00,9999.720629620031
2025-08-09 19:37:00+00:00,9999.720629620031
2025-08-09 19:37:00+00:00,9999.720629620031
2025-08-09 19:38:00+00:00,9999.720629620031
2025-08-09 19:38:00+00:00,9999.720629620031
2025-08-09 19:38:00+00:00,9999.720629620031
2025-08-09 19:39:00+00:00,9999.720629620031
2025-08-09 19:39:00+00:00,9999.720629620031
2025-08-09 19:39:00+00:00,9999.720629620031
2025-08-09 19:44:00+00:00,9999.720629620031
2025-08-09 19:44:00+00:00,9999.720629620031
2025-08-09 19:44:00+00:00,9999.720629620031
2025-08-09 19:45:00+00:00,9999.720629620031
2025-08-09 19:45:00+00:00,9999.720629620031
2025-08-09 19:45:00+00:00,9999.720629620031
2025-08-09 19:47:00+00:00,9999.720629620031
2025-08-09 19:47:00+00:00,9999.720629620031
2025-08-09 19:47:00+00:00,9999.720629620031
2025-08-09 19:50:00+00:00,9999.720629620031
2025-08-09 19:50:00+00:00,9999.720629620031
2025-08-09 19:50:00+00:00,9999.720629620031
2025-08-09 19:50:00+00:00,9999.720629620031
2025-08-09 19:51:00+00:00,9999.720629620031
2025-08-09 19:51:00+00:00,9999.720629620031
2025-08-09 19:51:00+00:00,9999.720629620031
2025-08-09 19:51:00+00:00,9999.720629620031
2025-08-09 19:52:00+00:00,9999.720629620031
2025-08-09 19:52:00+00:00,9999.720629620031
2025-08-09 19:52:00+00:00,9999.720629620031
2025-08-09 19:52:00+00:00,9999.720629620031
2025-08-09 19:56:00+00:00,9999.720629620031
2025-08-09 19:56:00+00:00,9999.720629620031
2025-08-09 19:56:00+00:00,9999.720629620031
2025-08-09 19:56:00+00:00,9999.720629620031
2025-08-09 19:57:00+00:00,9999.720629620031
2025-08-09 19:57:00+00:00,9999.720629620031
2025-08-09 19:57:00+00:00,9999.720629620031
2025-08-09 19:57:00+00:00,9999.720629620031
2025-08-09 19:59:00+00:00,9999.720629620031
2025-08-09 19:59:00+00:00,9999.720629620031
2025-08-09 19:59:00+00:00,9999.720629620031
2025-08-09 19:59:00+00:00,9999.720629620031
2025-08-09 20:03:00+00:00,9999.720629620031
2025-08-09 20:03:00+00:00,9999.720629620031
2025-08-09 20:03:00+00:00,9999.720629620031
2025-08-09 20:03:00+00:00,9999.720629620031
2025-08-09 20:04:00+00:00,9999.720629620031
2025-08-09 20:04:00+00:00,9999.720629620031
2025-08-09 20:04:00+00:00,9999.720629620031
2025-08-09 20:04:00+00:00,9999.720629620031
2025-08-09 20:05:00+00:00,9999.720629620031
2025-08-09 20:05:00+00:00,9999.720629620031
2025-08-09 20:05:00+00:00,9999.720629620031
2025-08-09 20:05:00+00:00,9999.720629620031
2025-08-09 20:06:00+00:00,9999.720629620031
2025-08-09 20:06:00+00:00,9999.720629620031
2025-08-09 20:06:00+00:00,9999.720629620031
2025-08-09 20:06:00+00:00,9999.720629620031
2025-08-09 20:10:00+00:00,9999.720629620031
2025-08-09 20:10:00+00:00,9999.720629620031
2025-08-09 20:10:00+00:00,9999.720629620031
2025-08-09 20:10:00+00:00,9999.720629620031
2025-08-09 20:11:00+00:00,9999.720629620031
2025-08-09 20:11:00+00:00,9999.720629620031
2025-08-09 20:11:00+00:00,9999.720629620031
2025-08-09 20:11:00+00:00,9999.720629620031
2025-08-09 20:13:00+00:00,9999.720629620031
2025-08-09 20:13:00+00:00,9999.720629620031
2025-08-09 20:13:00+00:00,9999.720629620031
2025-08-09 20:13:00+00:00,9999.720629620031
2025-08-09 20:15:00+00:00,9999.609338159296
2025-08-09 20:15:00+00:00,9999.609338159296
2025-08-09 20:15:00+00:00,9999.609338159296
2025-08-09 20:15:00+00:00,9999.609338159296
2025-08-09 20:18:00+00:00,9999.609338159296
2025-08-09 20:18:00+00:00,9999.609338159296
2025-08-09 20:18:00+00:00,9999.609338159296
2025-08-09 20:18:00+00:00,9999.609338159296
2025-08-09 20:20:00+00:00,9999.609338159296
2025-08-09 20:20:00+00:00,9999.609338159296
2025-08-09 20:20:00+00:00,9999.609338159296
2025-08-09 20:20:00+00:00,9999.609338159296
2025-08-09 20:21:00+00:00,9999.609338159296
2025-08-09 20:21:00+00:00,9999.609338159296
2025-08-09 20:21:00+00:00,9999.609338159296
2025-08-09 20:21:00+00:00,9999.609338159296
2025-08-09 20:25:00+00:00,9999.609338159296
2025-08-09 20:25:00+00:00,9999.609338159296
2025-08-09 20:25:00+00:00,9999.609338159296
2025-08-09 20:25:00+00:00,9999.609338159296
2025-08-09 20:29:00+00:00,9999.609338159296
2025-08-09 20:29:00+00:00,9999.609338159296
2025-08-09 20:29:00+00:00,9999.609338159296
2025-08-09 20:29:00+00:00,9999.609338159296
2025-08-09 20:30:00+00:00,9999.609338159296
2025-08-09 20:30:00+00:00,9999.609338159296
2025-08-09 20:30:00+00:00,9999.609338159296
2025-08-09 20:30:00+00:00,9999.609338159296
2025-08-09 20:31:00+00:00,9999.609338159296
2025-08-09 20:31:00+00:00,9999.609338159296
2025-08-09 20:31:00+00:00,9999.609338159296
2025-08-09 20:31:00+00:00,9999.609338159296
2025-08-09 20:33:00+00:00,9999.609338159296
2025-08-09 20:33:00+00:00,9999.609338159296
2025-08-09 20:33:00+00:00,9999.609338159296
2025-08-09 20:33:00+00:00,9999.609338159296
2025-08-09 20:35:00+00:00,9999.609338159296
2025-08-09 20:35:00+00:00,9999.609338159296
2025-08-09 20:35:00+00:00,9999.609338159296
2025-08-09 20:35:00+00:00,9999.609338159296
2025-08-09 20:39:00+00:00,9999.609338159296
2025-08-09 20:39:00+00:00,9999.609338159296
2025-08-09 20:39:00+00:00,9999.609338159296
2025-08-09 20:40:00+00:00,9999.609338159296
2025-08-09 20:40:00+00:00,9999.609338159296
2025-08-09 20:40:00+00:00,9999.609338159296
2025-08-09 20:41:00+00:00,9999.609338159296
2025-08-09 20:41:00+00:00,9999.609338159296
2025-08-09 20:41:00+00:00,9999.609338159296
2025-08-09 20:42:00+00:00,9999.809894602415
2025-08-09 20:42:00+00:00,9999.809894602415
2025-08-09 20:42:00+00:00,9999.809894602415
2025-08-09 20:44:00+00:00,9999.809894602415
2025-08-09 20:44:00+00:00,9999.809894602415
2025-08-09 20:46:00+00:00,9999.809894602415
2025-08-09 20:46:00+00:00,9999.809894602415
2025-08-09 20:49:00+00:00,9999.809894602415
2025-08-09 20:49:00+00:00,9999.809894602415
2025-08-09 20:53:00+00:00,9999.809894602415
2025-08-09 20:53:00+00:00,9999.809894602415
2025-08-09 20:54:00+00:00,9999.809894602415
2025-08-09 20:54:00+00:00,9999.809894602415
2025-08-09 20:55:00+00:00,9999.809894602415
2025-08-09 20:55:00+00:00,9999.809894602415
2025-08-09 20:56:00+00:00,9999.809894602415
2025-08-09 20:56:00+00:00,9999.809894602415
2025-08-09 21:01:00+00:00,9999.809894602415
2025-08-09 21:01:00+00:00,9999.809894602415
2025-08-09 21:03:00+00:00,9999.809894602415
2025-08-09 21:03:00+00:00,9999.809894602415
2025-08-09 21:05:00+00:00,9999.809894602415
2025-08-09 21:05:00+00:00,9999.809894602415
2025-08-09 21:06:00+00:00,9999.809894602415
2025-08-09 21:08:00+00:00,9999.809894602415
2025-08-09 21:10:00+00:00,9999.809894602415
2025-08-09 21:11:00+00:00,9999.809894602415
2025-08-09 21:12:00+00:00,9999.809894602415
2025-08-09 21:14:00+00:00,9999.809894602415
2025-08-09 21:16:00+00:00,9999.809894602415
2025-08-09 21:17:00+00:00,9999.809894602415
2025-08-09 21:18:00+00:00,9999.809894602415
2025-08-09 21:25:00+00:00,9999.809894602415
2025-08-09 21:26:00+00:00,9999.809894602415
2025-08-09 21:27:00+00:00,9999.809894602415
2025-08-09 21:30:00+00:00,9999.809894602415
2025-08-09 21:32:00+00:00,9999.809894602415
2025-08-09 21:34:00+00:00,9999.809894602415
2025-08-09 21:38:00+00:00,9999.809894602415
2025-08-09 21:42:00+00:00,9999.809894602415
2025-08-09 21:45:00+00:00,9999.809894602415
2025-08-09 21:46:00+00:00,9999.809894602415
2025-08-10 07:09:00+00:00,9999.809894602415
2025-08-10 07:12:00+00:00,9999.809894602415
2025-08-10 07:13:00+00:00,9999.809894602415
2025-08-10 07:20:00+00:00,9999.809894602415
2025-08-10 07:20:00+00:00,9999.809894602415
2025-08-10 07:23:00+00:00,9999.809894602415
2025-08-10 07:23:00+00:00,9999.809894602415
2025-08-10 07:26:00+00:00,9999.809894602415
2025-08-10 07:26:00+00:00,9999.809894602415
2025-08-10 07:27:00+00:00,9999.809894602415
2025-08-10 07:27:00+00:00,9999.809894602415
2025-08-10 07:30:00+00:00,9999.809894602415
2025-08-10 07:30:00+00:00,9999.809894602415
2025-08-10 07:33:00+00:00,9999.636852006604
2025-08-10 07:33:00+00:00,9999.636852006604
2025-08-10 07:37:00+00:00,9999.636852006604
2025-08-10 07:37:00+00:00,9999.636852006604
2025-08-10 07:38:00+00:00,9999.636852006604
2025-08-10 07:38:00+00:00,9999.636852006604
2025-08-10 07:39:00+00:00,9999.636852006604
2025-08-10 07:39:00+00:00,9999.636852006604
2025-08-10 07:41:00+00:00,9999.636852006604
2025-08-10 07:41:00+00:00,9999.636852006604
2025-08-10 07:44:00+00:00,9999.636852006604
2025-08-10 07:44:00+00:00,9999.636852006604
2025-08-10 07:45:00+00:00,9999.636852006604
2025-08-10 07:45:00+00:00,9999.636852006604
2025-08-10 07:46:00+00:00,9999.636852006604
2025-08-10 07:46:00+00:00,9999.636852006604
2025-08-10 07:47:00+00:00,9999.636852006604
2025-08-10 07:47:00+00:00,9999.636852006604
2025-08-10 07:48:00+00:00,9999.636852006604
2025-08-10 07:48:00+00:00,9999.636852006604
2025-08-10 07:50:00+00:00,9999.636852006604
2025-08-10 07:50:00+00:00,9999.636852006604
2025-08-10 07:51:00+00:00,9999.636852006604
2025-08-10 07:51:00+00:00,9999.636852006604
2025-08-10 07:52:00+00:00,9999.636852006604
2025-08-10 07:52:00+00:00,9999.636852006604
2025-08-10 07:53:00+00:00,9999.636852006604
2025-08-10 07:53:00+00:00,9999.636852006604
2025-08-10 07:54:00+00:00,9999.636852006604
2025-08-10 07:54:00+00:00,9999.636852006604
2025-08-10 07:55:00+00:00,9999.636852006604
2025-08-10 07:55:00+00:00,9999.636852006604
2025-08-10 07:56:00+00:00,9999.636852006604
2025-08-10 07:56:00+00:00,9999.636852006604
2025-08-10 07:59:00+00:00,9999.636852006604
2025-08-10 07:59:00+00:00,9999.636852006604
2025-08-10 08:00:00+00:00,9999.636852006604
2025-08-10 08:00:00+00:00,9999.636852006604
2025-08-10 08:01:00+00:00,9999.636852006604
2025-08-10 08:01:00+00:00,9999.636852006604
2025-08-10 08:02:00+00:00,9999.636852006604
2025-08-10 08:02:00+00:00,9999.636852006604
2025-08-10 08:03:00+00:00,9999.636852006604
2025-08-10 08:03:00+00:00,9999.636852006604
2025-08-10 08:04:00+00:00,9999.636852006604
2025-08-10 08:04:00+00:00,9999.636852006604
2025-08-10 08:06:00+00:00,9999.636852006604
2025-08-10 08:06:00+00:00,9999.636852006604
2025-08-10 08:07:00+00:00,9999.636852006604
2025-08-10 08:07:00+00:00,9999.636852006604
2025-08-10 08:08:00+00:00,9999.636852006604
2025-08-10 08:08:00+00:00,9999.636852006604
2025-08-10 08:11:00+00:00,9999.636852006604
2025-08-10 08:11:00+00:00,9999.636852006604
2025-08-10 08:12:00+00:00,9999.636852006604
2025-08-10 08:12:00+00:00,9999.636852006604
2025-08-10 08:14:00+00:00,9999.636852006604
2025-08-10 08:14:00+00:00,9999.636852006604
2025-08-10 08:17:00+00:00,9999.636852006604
2025-08-10 08:17:00+00:00,9999.636852006604
2025-08-10 08:18:00+00:00,9999.636852006604
2025-08-10 08:18:00+00:00,9999.636852006604
2025-08-10 08:27:00+00:00,9999.636852006604
2025-08-10 08:27:00+00:00,9999.636852006604
2025-08-10 08:27:00+00:00,9999.636852006604
2025-08-10 08:30:00+00:00,9999.636852006604
2025-08-10 08:30:00+00:00,9999.636852006604
2025-08-10 08:30:00+00:00,9999.636852006604
2025-08-10 08:34:00+00:00,9999.636852006604
2025-08-10 08:34:00+00:00,9999.636852006604
2025-08-10 08:34:00+00:00,9999.636852006604
2025-08-10 08:38:00+00:00,9999.636852006604
2025-08-10 08:38:00+00:00,9999.636852006604
2025-08-10 08:38:00+00:00,9999.636852006604
2025-08-10 08:45:00+00:00,9999.636852006604
2025-08-10 08:45:00+00:00,9999.636852006604
2025-08-10 08:45:00+00:00,9999.636852006604
2025-08-10 08:47:00+00:00,9999.636852006604
2025-08-10 08:47:00+00:00,9999.636852006604
2025-08-10 08:47:00+00:00,9999.636852006604
2025-08-10 08:52:00+00:00,9999.636852006604
2025-08-10 08:52:00+00:00,9999.636852006604
2025-08-10 08:52:00+00:00,9999.636852006604
2025-08-10 08:55:00+00:00,9999.636852006604
2025-08-10 08:55:00+00:00,9999.636852006604
2025-08-10 08:55:00+00:00,9999.636852006604
2025-08-10 08:57:00+00:00,9999.636852006604
2025-08-10 08:57:00+00:00,9999.636852006604
2025-08-10 08:57:00+00:00,9999.636852006604
2025-08-10 09:00:00+00:00,9999.636852006604
2025-08-10 09:00:00+00:00,9999.636852006604
2025-08-10 09:00:00+00:00,9999.636852006604
2025-08-10 09:02:00+00:00,9999.636852006604
2025-08-10 09:02:00+00:00,9999.636852006604
2025-08-10 09:02:00+00:00,9999.636852006604
2025-08-10 09:05:00+00:00,9999.636852006604
2025-08-10 09:05:00+00:00,9999.636852006604
2025-08-10 09:05:00+00:00,9999.636852006604
2025-08-10 09:07:00+00:00,9999.636852006604
2025-08-10 09:07:00+00:00,9999.636852006604
2025-08-10 09:07:00+00:00,9999.636852006604
2025-08-10 09:12:00+00:00,9999.636852006604
2025-08-10 09:12:00+00:00,9999.636852006604
2025-08-10 09:12:00+00:00,9999.636852006604
2025-08-10 09:16:00+00:00,9999.636852006604
2025-08-10 09:16:00+00:00,9999.636852006604
2025-08-10 09:16:00+00:00,9999.636852006604
2025-08-10 09:20:00+00:00,9999.980821456085
2025-08-10 09:20:00+00:00,9999.980821456085
2025-08-10 09:20:00+00:00,9999.980821456085
2025-08-10 09:24:00+00:00,9999.980821456085
2025-08-10 09:24:00+00:00,9999.980821456085
2025-08-10 09:24:00+00:00,9999.980821456085
2025-08-10 09:30:00+00:00,9999.980821456085
2025-08-10 09:30:00+00:00,9999.980821456085
2025-08-10 09:30:00+00:00,9999.980821456085
2025-08-10 09:33:00+00:00,9999.980821456085
2025-08-10 09:33:00+00:00,9999.980821456085
2025-08-10 09:33:00+00:00,9999.980821456085
2025-08-10 09:38:00+00:00,9999.980821456085
2025-08-10 09:38:00+00:00,9999.980821456085
2025-08-10 09:38:00+00:00,9999.980821456085
2025-08-10 09:43:00+00:00,9999.980821456085
2025-08-10 09:43:00+00:00,9999.980821456085
2025-08-10 09:43:00+00:00,9999.980821456085
2025-08-10 09:44:00+00:00,9999.980821456085
2025-08-10 09:44:00+00:00,9999.980821456085
2025-08-10 09:44:00+00:00,9999.980821456085
2025-08-10 09:46:00+00:00,9999.980821456085
2025-08-10 09:46:00+00:00,9999.980821456085
2025-08-10 09:46:00+00:00,9999.980821456085
2025-08-10 09:47:00+00:00,9999.980821456085
2025-08-10 09:47:00+00:00,9999.980821456085
2025-08-10 09:47:00+00:00,9999.980821456085
2025-08-10 09:48:00+00:00,9999.980821456085
2025-08-10 09:48:00+00:00,9999.980821456085
2025-08-10 09:48:00+00:00,9999.980821456085
2025-08-10 09:49:00+00:00,9999.901147206208
2025-08-10 09:49:00+00:00,9999.901147206208
2025-08-10 09:49:00+00:00,9999.901147206208
2025-08-10 09:51:00+00:00,9999.901147206208
2025-08-10 09:51:00+00:00,9999.901147206208
2025-08-10 09:51:00+00:00,9999.901147206208
2025-08-10 09:52:00+00:00,9999.901147206208
2025-08-10 09:52:00+00:00,9999.901147206208
2025-08-10 09:52:00+00:00,9999.901147206208
2025-08-10 09:55:00+00:00,9999.901147206208
2025-08-10 09:55:00+00:00,9999.901147206208
2025-08-10 09:55:00+00:00,9999.901147206208
2025-08-10 10:00:00+00:00,9999.901147206208
2025-08-10 10:00:00+00:00,9999.901147206208
2025-08-10 10:00:00+00:00,9999.901147206208
2025-08-10 10:01:00+00:00,9999.901147206208
2025-08-10 10:01:00+00:00,9999.901147206208
2025-08-10 10:01:00+00:00,9999.901147206208
2025-08-10 10:06:00+00:00,9999.80284870698
2025-08-10 10:06:00+00:00,9999.80284870698
2025-08-10 10:07:00+00:00,9999.80284870698
2025-08-10 10:07:00+00:00,9999.80284870698
2025-08-10 10:15:00+00:00,9999.80284870698
2025-08-10 10:15:00+00:00,9999.80284870698
2025-08-10 10:20:00+00:00,9999.80284870698
2025-08-10 15:15:00+00:00,9999.80284870698
2025-08-10 15:16:00+00:00,9999.80284870698
2025-08-10 15:17:00+00:00,9999.64069997764
2025-08-10 15:18:00+00:00,9999.64069997764
2025-08-10 15:19:00+00:00,9999.64069997764
2025-08-10 15:20:00+00:00,9999.64069997764
2025-08-10 15:21:00+00:00,9999.64069997764
2025-08-10 15:27:00+00:00,9999.64069997764
2025-08-10 15:30:00+00:00,9999.64069997764
2025-08-10 15:31:00+00:00,9999.64069997764
2025-08-10 15:33:00+00:00,9999.64069997764
2025-08-10 15:36:00+00:00,9999.64069997764
2025-08-10 15:43:00+00:00,9999.64069997764
2025-08-10 15:44:00+00:00,9999.64069997764
2025-08-10 15:45:00+00:00,9999.64069997764
2025-08-10 15:46:00+00:00,9999.64069997764
2025-08-10 15:47:00+00:00,9999.64069997764
2025-08-10 15:48:00+00:00,9999.64069997764
2025-08-10 15:49:00+00:00,9999.64069997764
2025-08-10 15:50:00+00:00,9999.64069997764
2025-08-10 15:53:00+00:00,9999.64069997764
2025-08-10 16:00:00+00:00,9999.64069997764
2025-08-10 16:02:00+00:00,9999.64069997764
2025-08-10 16:03:00+00:00,9999.64069997764
2025-08-10 16:05:00+00:00,9999.64069997764
2025-08-10 16:10:00+00:00,9999.64069997764
2025-08-10 16:11:00+00:00,9999.64069997764
2025-08-10 16:12:00+00:00,9999.64069997764
2025-08-10 16:15:00+00:00,9999.64069997764
2025-08-10 16:20:00+00:00,9999.64069997764
2025-08-10 16:24:00+00:00,9999.64069997764
2025-08-10 16:27:00+00:00,9999.64069997764
2025-08-10 16:27:00+00:00,9999.64069997764
2025-08-10 16:29:00+00:00,9999.64069997764
2025-08-10 16:29:00+00:00,9999.64069997764
2025-08-10 16:30:00+00:00,9999.64069997764
2025-08-10 16:30:00+00:00,9999.64069997764
2025-08-10 16:36:00+00:00,9999.64069997764
2025-08-10 16:36:00+00:00,9999.64069997764
2025-08-10 16:41:00+00:00,9999.64069997764
2025-08-10 16:41:00+00:00,9999.64069997764
2025-08-10 16:43:00+00:00,9999.64069997764
2025-08-10 16:43:00+00:00,9999.64069997764
2025-08-10 16:45:00+00:00,9999.64069997764
2025-08-10 16:45:00+00:00,9999.64069997764
2025-08-10 16:46:00+00:00,9999.64069997764
2025-08-10 16:46:00+00:00,9999.64069997764
2025-08-10 16:48:00+00:00,9999.64069997764
2025-08-10 16:48:00+00:00,9999.64069997764
2025-08-10 16:49:00+00:00,9999.538841488495
2025-08-10 16:49:00+00:00,9999.538841488495
2025-08-10 16:51:00+00:00,9999.538841488495
2025-08-10 16:51:00+00:00,9999.538841488495
2025-08-10 17:00:00+00:00,9999.538841488495
2025-08-10 17:00:00+00:00,9999.538841488495
2025-08-10 17:01:00+00:00,9999.538841488495
2025-08-10 17:01:00+00:00,9999.538841488495
2025-08-10 17:05:00+00:00,9999.538841488495
2025-08-10 17:05:00+00:00,9999.538841488495
2025-08-10 17:08:00+00:00,9999.538841488495
2025-08-10 17:08:00+00:00,9999.538841488495
2025-08-10 17:09:00+00:00,9999.538841488495
2025-08-10 17:09:00+00:00,9999.538841488495
2025-08-10 17:10:00+00:00,9999.538841488495
2025-08-10 17:10:00+00:00,9999.538841488495
2025-08-10 17:13:00+00:00,9999.538841488495
2025-08-10 17:15:00+00:00,9999.538841488495
2025-08-10 17:17:00+00:00,9999.538841488495
2025-08-10 17:18:00+00:00,9999.538841488495
2025-08-10 17:22:00+00:00,9999.538841488495
2025-08-10 17:25:00+00:00,9999.538841488495
2025-08-10 17:28:00+00:00,9999.538841488495
2025-08-10 17:34:00+00:00,9999.538841488495
2025-08-10 18:01:00+00:00,9999.538841488495
2025-08-10 18:11:00+00:00,9999.538841488495
2025-08-10 18:12:00+00:00,9999.538841488495
2025-08-10 18:13:00+00:00,9999.538841488495
2025-08-10 18:14:00+00:00,9999.538841488495
2025-08-10 18:17:00+00:00,9999.538841488495
2025-08-10 18:23:00+00:00,9999.538841488495
2025-08-11 03:44:00+00:00,9999.538841488495
2025-08-11 03:45:00+00:00,9999.538841488495
2025-08-11 03:47:00+00:00,9999.538841488495
2025-08-11 03:48:00+00:00,9999.538841488495
2025-08-11 03:49:00+00:00,9999.538841488495
2025-08-11 03:50:00+00:00,9999.538841488495
2025-08-11 03:52:00+00:00,9999.538841488495
2025-08-11 03:53:00+00:00,9999.538841488495
2025-08-11 03:55:00+00:00,9999.538841488495
2025-08-11 03:58:00+00:00,9999.538841488495
2025-08-11 04:00:00+00:00,9999.538841488495
2025-08-11 04:02:00+00:00,9999.538841488495
2025-08-11 04:05:00+00:00,9999.538841488495
2025-08-11 04:07:00+00:00,9999.538841488495
2025-08-11 04:08:00+00:00,9999.538841488495
2025-08-11 04:13:00+00:00,9999.538841488495
2025-08-11 04:14:00+00:00,9999.538841488495
2025-08-11 04:15:00+00:00,9999.538841488495
2025-08-11 04:17:00+00:00,9999.538841488495
2025-08-11 04:19:00+00:00,9999.538841488495
2025-08-11 04:20:00+00:00,9999.538841488495
2025-08-11 04:21:00+00:00,9999.538841488495
2025-08-11 04:23:00+00:00,9999.538841488495
2025-08-11 04:28:00+00:00,9999.538841488495
2025-08-11 04:30:00+00:00,9999.538841488495
2025-08-11 04:30:00+00:00,9999.538841488495
2025-08-11 04:32:00+00:00,9999.538841488495
2025-08-11 04:32:00+00:00,9999.538841488495
2025-08-11 04:33:00+00:00,9999.538841488495
2025-08-11 04:33:00+00:00,9999.538841488495
2025-08-11 04:35:00+00:00,9999.538841488495
2025-08-11 04:35:00+00:00,9999.538841488495
2025-08-11 04:38:00+00:00,9999.538841488495
2025-08-11 04:38:00+00:00,9999.538841488495
2025-08-11 04:40:00+00:00,9999.538841488495
2025-08-11 04:40:00+00:00,9999.538841488495
2025-08-11 04:42:00+00:00,9999.538841488495
2025-08-11 04:42:00+00:00,9999.538841488495
2025-08-11 04:44:00+00:00,9999.538841488495
2025-08-11 04:44:00+00:00,9999.538841488495
2025-08-11 04:46:00+00:00,9999.538841488495
2025-08-11 04:46:00+00:00,9999.538841488495
2025-08-11 04:48:00+00:00,9999.538841488495
2025-08-11 04:48:00+00:00,9999.538841488495
2025-08-11 04:50:00+00:00,9999.538841488495
2025-08-11 04:50:00+00:00,9999.538841488495
2025-08-11 04:51:00+00:00,9999.572191714764
2025-08-11 04:51:00+00:00,9999.572191714764
2025-08-11 04:52:00+00:00,9999.572191714764
2025-08-11 04:52:00+00:00,9999.572191714764
2025-08-11 04:53:00+00:00,9999.572191714764
2025-08-11 04:53:00+00:00,9999.572191714764
2025-08-11 04:54:00+00:00,9999.572191714764
2025-08-11 04:54:00+00:00,9999.572191714764
2025-08-11 04:55:00+00:00,9999.572191714764
2025-08-11 04:55:00+00:00,9999.572191714764
2025-08-11 04:56:00+00:00,9999.572191714764
2025-08-11 04:56:00+00:00,9999.572191714764
2025-08-11 04:58:00+00:00,9999.572191714764
2025-08-11 04:58:00+00:00,9999.572191714764
2025-08-11 04:59:00+00:00,9999.572191714764
2025-08-11 04:59:00+00:00,9999.572191714764
2025-08-11 05:01:00+00:00,9999.572191714764
2025-08-11 05:01:00+00:00,9999.572191714764
2025-08-11 05:02:00+00:00,9999.572191714764
2025-08-11 05:02:00+00:00,9999.572191714764
2025-08-11 05:03:00+00:00,9999.572191714764
2025-08-11 05:03:00+00:00,9999.572191714764
2025-08-11 05:04:00+00:00,9999.572191714764
2025-08-11 05:04:00+00:00,9999.572191714764
2025-08-11 05:06:00+00:00,9999.572191714764
2025-08-11 05:06:00+00:00,9999.572191714764
2025-08-11 05:08:00+00:00,9999.572191714764
2025-08-11 05:08:00+00:00,9999.572191714764
2025-08-11 05:09:00+00:00,9999.572191714764
2025-08-11 05:09:00+00:00,9999.572191714764
2025-08-11 05:10:00+00:00,9999.572191714764
2025-08-11 05:10:00+00:00,9999.572191714764
2025-08-11 05:12:00+00:00,9999.572191714764
2025-08-11 05:12:00+00:00,9999.572191714764
2025-08-11 05:14:00+00:00,9999.572191714764
2025-08-11 05:14:00+00:00,9999.572191714764
2025-08-11 05:15:00+00:00,9999.572191714764
2025-08-11 05:15:00+00:00,9999.572191714764
2025-08-11 05:18:00+00:00,9999.572191714764
2025-08-11 05:18:00+00:00,9999.572191714764
2025-08-11 05:21:00+00:00,9999.572191714764
2025-08-11 05:21:00+00:00,9999.572191714764
2025-08-11 05:22:00+00:00,9999.572191714764
2025-08-11 05:22:00+00:00,9999.572191714764
2025-08-11 05:24:00+00:00,9999.572191714764
2025-08-11 05:24:00+00:00,9999.572191714764
2025-08-11 05:25:00+00:00,9999.572191714764
2025-08-11 05:25:00+00:00,9999.572191714764
2025-08-11 05:26:00+00:00,9999.572191714764
2025-08-11 05:26:00+00:00,9999.572191714764
2025-08-11 05:27:00+00:00,9999.572191714764
2025-08-11 05:27:00+00:00,9999.572191714764
2025-08-11 05:28:00+00:00,9999.572191714764
2025-08-11 05:30:00+00:00,9999.572191714764
2025-08-11 05:31:00+00:00,9999.572191714764
2025-08-11 05:33:00+00:00,9999.572191714764
2025-08-11 05:36:00+00:00,9999.572191714764
2025-08-11 05:38:00+00:00,9999.572191714764
2025-08-11 05:39:00+00:00,9999.572191714764
2025-08-11 05:40:00+00:00,9999.572191714764
2025-08-11 05:41:00+00:00,9999.572191714764
2025-08-19 00:00:00+00:00,9999.572191714764
2025-08-19 01:00:00+00:00,9999.572191714764
2025-08-19 04:00:00+00:00,9999.572191714764
